0.23806759237874348
0.03689466516495492
0.0021092737604621083
-0.002364878165795139
-0.0013058378927608407
-0.00020009858050122706
0.00017452381837103174
0.0001328371329939156
1.838089210650512e-5
-3.0020704868871997e-5
-2.051915111887445e-5
1.8846347480836953e-7
7.434562966505617e-6
3.4793012997033114e-6
-1.269568611272573e-6
-2.0091660657482573e-6
-3.938685023520752e-7
6.918256329037711e-7
4.878536142734202e-7
-9.876885308842537e-8
-2.717976451431167e-7
-7.121639814065134e-8
1.0177771771896493e-7
7.86757398947395e-8
-1.8236533553660922e-8
-4.792758044125725e-8
-1.0253350900962799e-8
2.110417778727891e-8
1.3989717103507493e-8
-5.834792499853636e-9
-9.962214118745816e-9
-6.675911221401543e-10
5.312191924192189e-9
2.414767108060295e-9
-2.1109488614577676e-9
-2.18381268537321e-9
4.101471055145689e-10
1.4291563553252284e-9
2.819064573791885e-10
-7.465925902679083e-10
-4.376175919036662e-10
2.935263733461202e-10
3.6943239136236206e-10
-4.9365437085335806e-11
-2.4413571121303934e-10
-5.394091380159227e-11
1.3321410619569762e-10
7.908733043460181e-11
-5.6962204050825527e-11
-6.906729788785926e-11
0.24105055593754676
0.04808084671862595
0.0010416935346705368
-0.005177190359792243
-0.002492447992837125
-0.00013868540170652172
0.0005137356350782578
0.0002856580355268829
-9.74457686934646e-6
-9.43087417167067e-5
-4.230024369777756e-5
1.3197655866363338e-5
2.2055407213982144e-5
5.23688669643637e-6
-6.492492097763883e-6
-5.184194104034586e-6
4.4582615550854687e-7
2.5046441291575253e-6
9.109885825342098e-7
-7.680622743418825e-7
-7.681534713917942e-7
4.3281077278991414e-8
3.9876838322811664e-7
1.4579293354088224e-7
-1.4346470411999435e-7
-1.347231433704299e-7
2.0748650627483434e-8
8.025149286858962e-8
2.0771638261848913e-8
-3.5675464768111786e-8
-2.5416965256444546e-8
1.0095315229607937e-8
1.8207378064873797e-8
1.1607807466965103e-9
-1.0027659238121683e-8
-4.409657381864579e-9
4.232615575736065e-9
4.147442249444883e-9
-1.0072314063531984e-9
-2.842380291204205e-9
-4.079242666311239e-10
1.57855744795099e-9
8.03117109707957e-10
-6.892999443799952e-10
-7.342100991850758e-10
1.7635035185620263e-10
5.186242052132584e-10
6.446200431081683e-11
-3.057757597471622e-10
0.24083488297229472
0.053237338996710556
-0.00154436234977115
-0.008284575807450626
-0.003479342167345894
0.00021792940465393748
0.0009938026475514138
0.00041631928870221845
-0.00010648317023371524
-0.000188979345346201
-5.2640567061550125e-5
4.504281469830873e-5
4.147042124483247e-5
1.0993845995024842e-6
-1.678523823449296e-5
-8.089655426027874e-6
3.800369254974671e-6
5.360845625145146e-6
5.838870688582194e-7
-2.294901528191416e-6
-1.2673551794267768e-6
5.961826614392027e-7
8.870450512402789e-7
6.359457548066327e-8
-4.337837226295327e-7
-2.0965375283933663e-7
1.468381600712096e-7
1.7154392096662557e-7
-1.2574134058626618e-8
-9.960112613057598e-8
-3.146542863481476e-8
4.408588775246455e-8
3.461490093972959e-8
-1.2308508804195761e-8
-2.462860491329183e-8
-1.898938083166879e-9
1.3802392153684784e-8
6.1310186511009945e-9
-6.041989083528654e-9
-5.843119591474044e-9
1.5933288568734105e-9
4.121273111841461e-9
4.56918903754544e-10
-2.3857481563221983e-9
-1.101220402192904e-9
1.1147649097223433e-9
1.067494881552833e-9
-3.456018526915017e-10
0.2382010677261282
0.055005000851413056
-0.0048792208372966436
-0.01127003064475896
-0.004111373412028271
0.0008437245784480574
0.0015348623108463692
0.00047522642090465535
-0.00027464287717464744
-0.0002949704357058285
-3.800189431199053e-5
9.548599941093354e-5
5.92679313061225e-5
-1.2485435006843494e-5
-3.1011909192032484e-5
-8.369395722306744e-6
1.0327823755585525e-5
8.397025379143063e-6
-1.2599993890207405e-6
-4.599206527521309e-6
-1.3257983297538037e-6
1.750801505542507e-6
1.4007922340191978e-6
-3.317429115431633e-7
-8.69694381206744e-7
-1.7267613923888786e-7
3.9981551796380854e-7
2.5142557876466076e-7
-1.2243298018596235e-7
-1.8732235790904633e-7
-2.6941615852323075e-9
1.0542587893912908e-7
4.1103954661822484e-8
-4.5706306423670684e-8
-4.0825660410463704e-8
1.1960959535317617e-8
2.8525408889579912e-8
3.106998159620178e-9
-1.6041540718166047e-8
-7.548950178501435e-9
7.12636950622389e-9
7.106122546299276e-9
-1.943017524652646e-9
-5.073687848328179e-9
-5.12231258711221e-10
3.0096933868739573e-9
1.3309153631610449e-9
0.23408339001896394
0.054869201379332336
-0.00840143778906103
-0.013904374835967745
-0.004372724912128733
0.0016564427347447695
0.0020636038415438682
0.00044083099678925326
-0.0004986162381117724
-0.00039213578961362714
7.762382870806807e-6
0.0001589848777518786
6.91396167064786e-5
-3.648770595973032e-5
-4.6568440151620316e-5
-4.106984026606975e-6
1.9701033654646784e-5
1.0441349839108993e-5
-5.036551426494673e-6
-7.256248824087826e-6
-5.137523733595231e-7
3.4761474562139925e-6
1.6874689084656579e-6
-1.1371860125768823e-6
-1.3516243977957504e-6
7.505117765455038e-8
7.649904177420633e-7
2.56368655964824e-7
-3.2678129157151514e-7
-2.6885539450380996e-7
8.375499071133947e-8
1.8539451754513714e-7
2.0474462778408836e-8
-1.0049962221410011e-7
-4.871579789436989e-8
4.1863657144168565e-8
4.4079790214625325e-8
-9.453856714830566e-9
-2.999503119971089e-8
-4.751673381153676e-9
1.6722711484659647e-8
8.695065505277821e-9
-7.391248436211528e-9
-7.931256722562563e-9
1.9593049647992355e-9
5.6538160832751705e-9
0.22924418382164535
0.05373454229484095
-0.011794499199969005
-0.016120096640199165
-0.004321072135441379
0.0025713663823224327
0.0025340142401417375
0.0003144620602195808
-0.00075701564732936
-0.0004662040686177621
8.411469852070324e-5
0.0002282881023516624
6.686764604707952e-5
-6.975072508703158e-5
-6.061402090481137e-5
5.673903670459952e-6
3.093732269300337e-5
1.0452695659454725e-5
-1.0741944350491778e-5
-9.690707115980052e-6
1.4463292666100705e-6
5.5809741947403235e-6
1.5006745805847335e-6
-2.3558798664859854e-6
-1.7389122932975898e-6
5.973080210641343e-7
1.1876196229312387e-6
1.2541129473754228e-7
-6.187003123818424e-7
-3.0487707869137487e-7
2.3976913045157047e-7
2.6495812639575067e-7
-4.208804555458183e-8
-1.7083771437515632e-7
-3.689324619068901e-8
8.855759401401458e-8
5.363944045010116e-8
-3.4582535267304454e-8
-4.4729138001103896e-8
5.633546120049904e-9
2.9487255656310274e-8
6.594711197266401e-9
-1.6132300616027162e-8
-9.566807830305168e-9
6.959633877014204e-9
0.22417409697879073
0.052118954500363385
-0.014919592059349954
-0.017935504379568694
-0.004031212594920633
0.0035239412491622378
0.0029245127126951015
0.00010870650428040571
-0.0010304495397029014
-0.0005094731186397307
0.00018679820159502817
0.00029676290250573627
5.046569483902483e-5
-0.0001100140952258054
-7.077162507624583e-5
2.1098685407738805e-5
4.2806638508680224e-5
7.707832895952754e-6
-1.8062591841834768e-5
-1.1336622800643334e-5
4.653744664766778e-6
7.78785597103579e-6
6.527148079724359e-7
-3.912255660980246e-6
-1.8871682407866491e-6
1.4132927059961817e-6
1.5900183293483371e-6
-1.8620678187558637e-7
-9.701613624887861e-7
-2.5657715406381815e-7
4.6410519130568595e-7
3.197755589199637e-7
-1.5550771401053737e-7
-2.451138107013775e-7
4.719847229196772e-9
1.4862862774463886e-7
4.9555488488770005e-8
-7.298624843735113e-8
-5.5638580081715516e-8
2.5750557375650573e-8
4.324253714740184e-8
-1.3614662435629254e-9
-2.752881877315927e-8
-8.346508137413444e-9
0.21914396659443885
0.050304865124614295
-0.017734912438874137
-0.019400156500127656
-0.003570347774470692
0.0044709288463967035
0.0032290236187252734
-0.0001604369704751689
-0.0013038864147257977
-0.0005191330875009819
0.00031012170702959373
0.000359206748881501
1.963448230359998e-5
-0.00015466678028356283
-7.533438643794483e-5
4.169828935289728e-5
5.4093308537056864e-5
1.8197813577598698e-6
-2.6505209602366298e-5
-1.1720418741629698e-5
9.055848007998892e-6
9.793823875023887e-6
-9.683531113306026e-7
-5.677981073967664e-6
-1.67130909120225e-6
2.5013388893411993e-6
1.886986019937996e-6
-7.018423903819293e-7
-1.3388381916359243e-6
-9.19800543317667e-8
7.43653405986533e-7
3.246559498798138e-7
-3.2161934347511856e-7
-3.0821838833353793e-7
8.314794334302045e-8
2.1518663623036616e-7
2.474005996941364e-8
-1.229122796406884e-7
-5.751807248977753e-8
5.637769394471054e-8
5.4898036654787985e-8
-1.6790797354934717e-8
-4.0138091665468945e-8
0.2142892517796527
0.0484434606420566
-0.020243984665661286
-0.020569297974200172
-0.002992182663976806
0.005385414571743681
0.0034500740149076108
-0.00047728395805782427
-0.00156663138039855
-0.0004955461683081959
0.00044823499498945155
0.00041193388917379944
-2.48100202305283e-5
-0.00020117604735400696
-7.325022351355268e-5
6.664482582830313e-5
6.373333266649229e-5
-7.3078964147850825e-6
-3.549947056354953e-5
-1.0494089598478591e-5
1.4487692105079938e-5
1.1311102121169987e-5
-3.399898725662317e-6
-7.496453415813641e-6
-9.974574154457752e-7
3.807538641182966e-6
1.997243201868476e-6
-1.4231218919084215e-6
-1.6749482258954923e-6
2.1063800658815274e-7
1.0561028866802255e-6
2.569066351815544e-7
-5.353435651128495e-7
-3.4373387942585043e-7
2.015184266553581e-7
2.789072295972597e-7
-2.6350377138086023e-8
-1.8041054694606373e-7
-4.5309128983428426e-8
9.679515483237977e-8
6.088632091387491e-8
-4.050092204319067e-8
0.20967085409168545
0.04661431955248817
-0.02246948590222864
-0.021494148792860802
-0.0023375103624585186
0.006251882557112973
0.0035945004614414775
-0.0008279983068316971
-0.0018116144262641902
-0.0004409454178701585
0.000595774186757457
0.00045259453616546593
-8.13966588170457e-5
-0.0002473075063654756
-6.402214095650727e-5
9.493501117489563e-5
7.08740746643839e-5
-1.9547215077101495e-5
-4.44709351181136e-5
-7.439490219149705e-6
2.0711837871500993e-5
1.2091575775769175e-5
-6.615043404623391e-6
-9.202851623589612e-6
1.9288999310047156e-7
5.25579401838925e-6
1.8509890100069926e-6
-2.332437165634277e-6
-1.927142116779808e-6
6.61525201655494e-7
1.3730757651318412e-6
9.854091389052688e-8
-7.856868621137353e-7
-3.3579094952350397e-7
3.5889353650672e-7
3.291596496670518e-7
-1.0712649705507671e-7
-2.398233040420972e-7
-1.4688676447036086e-8
1.4486719889655886e-7
5.7585616977141874e-8
0.20530978860189714
0.04485759994238386
-0.024440626721548578
-0.02221882589384544
-0.0016364611492411308
0.007062408198463098
0.0036709042032581907
-0.00120105169462811
-0.0020345508134856916
-0.00035853078295232377
0.0007481338219613113
0.0004799078388656227
-0.00014833387607589028
-0.00029121254969350675
-4.7583671016897776e-5
0.00012551937453309132
7.488556338393815e-5
-3.461243254039223e-5
-5.288735009299685e-5
-2.456425408436415e-6
2.745239687194749e-5
1.1938614721728781e-5
-1.0536676117387997e-5
-1.0638753179510393e-5
1.923803656662948e-6
6.757293860496297e-6
1.3940682485674358e-6
-3.3968112079542367e-6
-2.046991378103647e-6
1.259766391204821e-6
1.663128386020403e-6
-1.625419319764565e-7
-1.0571386071436123e-6
-2.7045445754464437e-7
5.505699784327106e-7
3.550418502598629e-7
-2.1862101704309134e-7
-2.943643496178261e-7
3.752808364759774e-8
1.9726207132336748e-7
0.20120620075060117
0.04319169154717588
-0.026187210940832352
-0.02278003633647185
-0.0009109195837166692
0.007813947003829657
0.003688233162471929
-0.0015871672939983036
-0.0022331885867718435
-0.00025188679782848014
0.0009015283138197171
0.0004933979786329225
-0.00022373345428597022
-0.00033143884783870797
-2.4180880916322908e-5
0.00015738529964331094
7.53454823367917e-5
-5.211753225332211e-5
-6.028439183212997e-5
4.456361060185994e-6
3.442133105295564e-5
1.071028338910443e-5
-1.5051736128451247e-5
-1.166174978175713e-5
4.188729534942027e-6
8.218469947716966e-6
5.895880237933443e-7
-4.572129592458722e-6
-1.9920723060944112e-6
1.994519348786153e-6
1.894316328319122e-6
-5.321724603005173e-7
-1.3311648562504275e-6
-1.3664282708797382e-7
7.686547937226645e-7
3.4623710186421075e-7
-3.595035293064812e-7
-3.3669525976998127e-7
1.131575463183751e-7
0.1973498059861766
0.04162299265704797
-0.027737067410880233
-0.023207827132193288
-0.000176587001651983
0.008506501658934806
0.0036550447356955024
-0.0019790590822700606
-0.0024067078107525564
-0.0001246276657547174
0.001052949039625807
0.0004931680460225542
-0.00030575108415536144
-0.00036690153338805095
5.7274621767834655e-6
0.0001896059851161291
7.201201239632332e-5
-7.162202265238986e-5
-6.627711247801215e-5
1.322206446050661e-5
4.133741698111957e-5
8.317176468341549e-6
-2.0024131444845456e-5
-1.2151038116956815e-5
6.9556561883678605e-6
9.547193848810642e-6
-5.822348095284313e-7
-5.807180871841844e-6
-1.727836595557565e-6
2.8467334850096337e-6
2.036220096577647e-6
-1.0100968731371895e-6
-1.5876236510625925e-6
7.335977789818537e-8
1.0027772566591556e-6
2.936648534831998e-7
-5.262770737994929e-7
-3.594453734066805e-7
0.19372554926343877
0.04015136647798051
-0.0291151122644503
-0.02352661316961694
0.0005554047192406937
0.009141908620540849
0.0035791581668894934
-0.0023711146713910987
-0.002555264627452246
1.9806834987349045e-5
0.0012000753830655481
0.00047971868639033223
-0.0003926683723431898
-0.00039683672225716057
4.1549294513993154e-5
0.0002213654829143919
6.47926213241095e-5
-9.266541977150447e-5
-7.05619116390453e-5
2.370575711682643e-5
4.7938959823570423e-5
4.717179120566038e-6
-2.530559125675947e-5
-1.2009961140537276e-5
1.0172667865650936e-5
1.0657272938256052e-5
-2.125364992674496e-6
-7.047207003903211e-6
-1.228506224601987e-6
3.791041047425392e-6
2.0614252712576955e-6
-1.5905383763600844e-6
-1.806002683103769e-6
3.63720946097712e-7
1.2408357016151228e-6
1.8992900488457032e-7
-7.135887911610683e-7
0.19031665186216098
0.03877322713946653
-0.03034317456421562
-0.023756185122735873
0.0012772736008156947
0.009723046203952486
0.0034675266670389235
-0.0027590871279035223
-0.0026796563242072174
0.00017825778813458995
0.0013411714418975432
0.00045380892946833215
-0.0004829351534274655
-0.00042074995148434595
8.261957466588511e-5
0.00025196777221445435
5.371342489387653e-5
-0.0001147919213247096
-7.291268016048312e-5
3.57319848742722e-5
5.399155603392526e-5
-9.123439125707788e-8
-3.0744289966909075e-5
-1.1166387437908099e-5
1.3773285003513755e-5
1.1471463466652954e-5
-4.029888751180301e-6
-8.236839541798935e-6
-4.772368448159245e-7
4.797616352109069e-6
1.946509726183203e-6
-2.2629765043628847e-6
-1.9664360515446455e-6
7.351256278223528e-7
1.4697121580760364e-6
2.958568526452432e-8
0.18710622664873855
0.03748329414561724
-0.03144016487626977
-0.023912592280057418
0.0019836836235666948
0.01025332517171989
0.003326228075082131
-0.003139822904268319
-0.0027810808489724063
0.0003478927760866748
0.0014749849001766315
0.0004163526191761982
-0.0005751861025748003
-0.00043836627597810965
0.00012824449160725535
0.0002808357569678019
3.889141077216985e-5
-0.00013756717133953794
-7.317368311506988e-5
4.909953125840222e-5
5.929213870395876e-5
-6.0761246650532785e-6
-3.6191382565279456e-5
-9.571647847504694e-6
1.768127162956115e-5
1.1923271649921796e-5
-6.274252951183126e-6
-9.322406130836403e-6
5.342358267955427e-7
5.833882156323911e-6
1.6726148057456813e-6
-3.013027458670381e-6
-2.050492656648084e-6
1.1850167872789336e-6
1.675914993764377e-6
0.18407809892038277
0.03627558834159658
-0.03242237641180663
-0.02400887627260591
0.002671080438768939
0.01073636559706835
0.0031605154242407753
-0.0035110328833652445
-0.002860967046203073
0.0005262148959893085
0.0016006554835942153
0.0003683432317644758
-0.0006682413209565755
-0.0004495852092866199
0.0001777327550316135
0.0003075042703101806
2.0510457887929455e-5
-0.00016058890284620375
-7.12509001211583e-5
6.359333638126727e-5
6.367034236718933e-5
-1.317899772008968e-5
-4.15057157444167e-5
-7.198579365680358e-6
2.1814762857985323e-5
1.1957808810678094e-5
-8.827564377252711e-6
-1.0253649241846047e-5
1.8062902597103941e-6
6.865998766029079e-6
1.2256825529174953e-6
-3.823341934636876e-6
-2.041748900752545e-6
1.7079495989343052e-6
0.18121718898893244
0.03514399190913515
-0.03330381862174188
-0.024055665916294107
0.0033372046709593383
0.011175796115690178
0.002974894446782927
-0.003871104973393531
-0.002920856844294788
0.0007110506954255665
0.0017176357387589831
0.0003108006318871051
-0.0007610974600884236
-0.0004544417453309947
0.00023041687834616208
0.00033160986766030826
-1.1986664453849868e-6
-0.0001834930048772096
-6.71029402274188e-5
7.899380539890671e-5
6.69880213713973e-5
-2.1321141977198588e-5
-4.655702307895717e-5
-4.039082700194735e-6
2.608967672299012e-5
1.153194036502582e-5
-1.1651794614226524e-5
-1.0984929164857375e-5
3.3323152440114384e-6
7.860110884667926e-6
5.964376741237828e-7
-4.674464262773709e-6
-1.926170408977912e-6
0.17850965420720022
0.03408255476410289
-0.03409653777789816
-0.02406165325908273
0.00398073564762854
0.01157513315724374
0.0027732096200530007
-0.004218953339159616
-0.0029623249990106586
0.0009005269083582536
0.00182562438809865
0.0002447343664364679
-0.0008529137343085318
-0.0004530735912286095
0.0002856669202078079
0.0003528792310382306
-2.597456052823603e-5
-0.00020595627382236775
-6.0732213917898126e-5
9.508385056199858e-5
6.91375614261247e-5
-3.0409218547446104e-5
-5.122790595075456e-5
-1.0147968882746883e-7
3.042244034535957e-5
1.0613930197167151e-5
-1.4703799271960707e-5
-1.14759936149407e-5
5.099704463237473e-6
8.78335271084496e-6
-2.1981712153285038e-7
-5.545618837017249e-6
0.17594290128142379
0.0330856530590571
-0.034810905774478554
-0.02403397230357374
0.004601030347950526
0.011937712097128742
0.002558729018044683
-0.004553898402982276
-0.002986925694620496
0.001093042084570301
0.0019245113150496741
0.0001711192170972299
-0.0009429956140864218
-0.00044569419077213415
0.0003428986624004777
0.0003711173354458905
-5.3538105496816254e-5
-0.00022769683472145807
-5.217675183144185e-5
0.00011165403503296881
7.00394599484986e-5
-4.0340048641128706e-5
-5.541487105861602e-5
4.592134868208059e-6
3.4732094466421656e-5
9.18274327333865e-6
-1.7937103580976683e-5
-1.1692395273758815e-5
7.090874170157663e-6
9.60462575040448e-6
-1.2235342508881697e-6
0.17350553168158805
0.032148061578151546
-0.035455871798267063
-0.02397849978287057
0.005197931844681047
0.012266651879735496
0.0023342231591596627
-0.004875572024574035
-0.0029961581874668837
0.001287236793655406
0.0020143327675870345
9.087970579339799e-5
-0.0010307779509182114
-0.0004325708781209442
0.00040157777049389543
0.0003861960724851274
-8.360252117788416e-5
-0.0002484729857074666
-4.150286524355097e-5
0.0001285061707473425
6.963951975599326e-5
-5.1004614002581744e-5
-5.9028656914825086e-5
1.0008421342366097e-5
3.894185667476305e-5
7.227134476005259e-6
-2.1303437251908586e-5
-1.160563356593803e-5
9.284252225679607e-6
1.0295174383920941e-5
0.17118725540468627
0.031264976456685675
-0.03603917762080837
-0.023900094163817425
0.005771628529661874
0.012564840938780592
0.002102035809847731
-0.005183842943533721
-0.00299144582366392
0.0014819645376902765
0.0020952352555896753
4.8810447337288565e-6
-0.001115808582191317
-0.0004140074295230986
0.0004612211187640849
0.0003980437183096139
-0.00011588103162900841
-0.0002680810268556122
-2.8798717377440455e-5
0.00014545568520417385
6.790589738385434e-5
-6.229132709445473e-5
-6.199404042568288e-5
1.6105128892576065e-5
4.2980226368557334e-5
4.744619282475229e-6
-2.4754020930487473e-5
-1.119308503352151e-5
1.1655205940395985e-5
0.16897879280939593
0.030432009926305004
-0.03656753987510951
-0.02380278597175329
0.0063225505299895485
0.012834936410336374
0.0018641462427697666
-0.005478758361348146
-0.0029741243592356567
0.0016762645296791653
0.002167446696128881
-8.60753431369092e-5
-0.0011977330046464094
-0.0003903303039651338
0.000521396166615758
0.00040663543321012297
-0.00015009257194744958
-0.00028635248384885
-1.416879821542383e-5
0.00016233302721801318
6.482617062675104e-5
-7.408864687648634e-5
-6.424927777416191e-5
2.283319374628799e-5
4.678171094332252e-5
1.7403995395889886e-6
-2.824061694487942e-5
-1.0437780335496165e-5
0.16687177529784336
0.029645170000421647
-0.03704680354161011
-0.02368992981313921
0.006851293448444436
0.013079371385277958
0.0016222232445570525
-0.005760498298171969
-0.0029454366691409875
0.0018693368927356797
0.0022312535173144195
-0.0001812531213488712
-0.001276280409164934
-0.00036187792840312524
0.0005817190443268899
0.00041198485263297877
-0.000185965915887004
-0.00030315102089652213
2.2707502770049834e-6
0.00017898433818572604
6.040453185521093e-5
-8.628712541478359e-5
-6.574530123071125e-5
3.013858908649733e-5
5.028724779420658e-5
-1.773706635166013e-6
-3.171636947668903e-5
0.1648586504676492
0.028900832782095223
-0.03748207086895625
-0.023564326241377033
0.0073585622402369735
0.013300366766097138
0.0013776715538970242
-0.006029340018910423
-0.002906531770599687
0.0020605204676128605
0.002286982611713872
-0.0002799801724084443
-0.0013512511821065568
-0.00032899246520304987
0.0006418518279945225
0.0004141367508856651
-0.0002232425468777291
-0.00031836924780953915
2.039603465026074e-5
0.00019527157176627355
5.465917132960532e-5
-9.87809664019252e-5
-6.64447628573022e-5
3.796392584495606e-5
5.3444381227997675e-5
-5.7802951868718295e-6
0.16293259442474506
0.028195711919096134
-0.03787780960359968
-0.023428319832953345
0.007845129976033004
0.013499945501908882
0.0011316715603655308
-0.006285630377211294
-0.0028584666911065787
0.0022492732021046763
0.0023349872086301324
-0.00038164630540241454
-0.0014225058655478046
-0.00029201358408757414
0.0007014993500916132
0.0004131607152917816
-0.0002616785419837734
-0.00033192556300183293
4.007862125376266e-5
0.00021107221230908316
4.761988854266527e-5
-0.00011146917539605217
-6.632100096415565e-5
4.6249815956789945e-5
5.620725738349429e-5
0.16108743227764935
0.02752682781521326
-0.038237943915502476
-0.0232838784405209
0.008311807641860975
0.013679947775099342
0.0008852131152166307
-0.0065297643761398245
-0.0028022101446300964
0.0024351549771806924
0.002375635894692788
-0.00048570007243898747
-0.0014899555021133833
-0.0002512738378607892
0.0007604057910143239
0.0004091457423409106
-0.00030104569144778163
-0.00034376112199386265
6.118814876749073e-5
0.00022627870772098588
3.932594026064908e-5
-0.00012425637288329333
-6.535697239088728e-5
5.4936021503358465e-5
0.1593175669148445
0.026891478048241147
-0.03856593090664502
-0.023132657501471452
0.008759422141543146
0.013842046244229234
0.0006391242615802597
-0.006762168605393446
-0.002738647291233259
0.00261781266472956
0.0024093041529654876
-0.0005916450728707511
-0.001553553255451109
-0.00020709531412102175
0.0008183512206770306
0.0004021956617598953
-0.00034113203004270017
-0.0003538369895891534
8.359441903907147e-5
0.00024079770727534344
2.9824135532177066e-5
-0.00013705332515277153
-6.354419950020031e-5
0.15761791568168154
0.026287209742324073
-0.0388648251262626
-0.022976052435757774
0.00918880040755738
0.013987760799099615
0.00039409561560626444
-0.006983288502534385
-0.0026685850768120908
0.0027969671908661866
0.0024363679090644392
-0.0006990360147888335
-0.0016132871840332146
-0.00015978729145583147
0.0008751482093863928
0.0003924252899537399
-0.00038174193162569115
-0.0003621315091902315
0.00010716905336163887
0.00025454918362245233
1.916715785763943e-5
-0.00014977726619919908
0.15598385433922218
0.02571179422206171
-0.03913733310881849
-0.022815241512526493
0.009600758065900253
0.014118472514109087
0.0001507010453601111
-0.007193578609974731
-0.002592757808182601
0.002972402374262424
0.0024571986691599695
-0.0008074747167870037
-0.0016691740372439682
-0.00010964468285211412
0.0009306385757464567
0.00037995721719057487
-0.00042269587136468836
-0.00036863789344122145
0.00013178677212856416
0.0002674654711313261
7.412106544675627e-6
0.1544111675991805
0.025163204028401442
-0.03938585960449982
-0.022651221059285014
0.009996091498154894
0.01423543663897753
-9.058479083967792e-5
-0.007393495180582917
-0.0025118327337636933
0.003143955323988778
0.0024721599217535726
-0.0009166061761248824
-0.001721253958983933
-5.694709343560278e-5
0.0009846903286197062
0.00036491915339157256
-0.00046382995756713373
-0.0003733620619199015
0.00015732636358062807
0.0002794903007040168
0.15289600551958407
0.024639592234273738
-0.03961254688047097
-0.02248483449182051
0.0103755724367641
0.014339794559766738
-0.0003293715668021809
-0.007583490620084008
-0.002426415473454965
0.003311508195603694
0.00248160452833701
-0.0010261147888047893
-0.0017695859733730074
-1.9583392075969083e-6
0.0010371948177479349
0.0003474417288295763
-0.0005049953010868958
-0.0003763206775486432
0.00018367141250206714
0.1514348450806049
0.0241392739242485
-0.03981930822989348
-0.022316796340289675
0.010739944443715876
0.014432584728698813
-0.0005653406561485896
-0.007764009366447638
-0.002337055210784632
0.0034749811205802544
0.002485872900783863
-0.0011357207590015636
-0.0018142441590671436
5.507365838821662e-5
0.0010880641056615942
0.0003276567247187715
-0.0005460572560278857
-0.000377539428843932
0.15002445631490824
0.023660709662997177
-0.04000785662976812
-0.022147712203572804
0.011089920791137913
0.014514752596191588
-0.0007982344058978232
-0.007935484896122407
-0.0022442495800210228
0.0036343261627612847
0.0024852917846758115
-0.001245176755364837
-0.001855314418710212
0.00011391673776090784
0.0011372285869745843
0.0003056956131781031
-0.0005868946457473464
0.14866187242682774
0.023202490769309376
-0.04017972931841164
-0.021978095379057476
0.01142618336885985
0.014587159595725763
-0.0010278470103493398
-0.008098337594639191
-0.0021484492298112215
0.003789522130636488
0.0024801735115825025
-0.0013542647794205801
-0.001892891732535587
0.00017435413267381068
0.0011846347714792192
0.0002816884064799506
0.14734436340528095
0.02276332621162837
-0.0403363089437261
-0.021808380772377067
0.011749382354550957
0.014650591263789708
-0.0012540167471211889
-0.008252973327981663
-0.0020500620557927745
0.003940570171635167
0.0024708156435554354
-0.0014627933094164796
-0.001927077907302689
0.00023618398447685512
0.0012302433797676132
0.14606941268155424
0.02234203094546748
-0.040478841803450086
-0.021638936554240873
0.012060136428592473
0.014705764534121505
-0.0014766193696527533
-0.008399782511141754
-0.0019494570709819095
0.004087489980429379
0.002457500835330046
-0.0015705946660594069
-0.0019579795909831373
0.00029921878757106465
0.14483469645888608
0.021937515547565185
-0.04060845362999647
-0.02147007398766155
0.012359033372743352
0.014753334328613884
-0.0016955624443444495
-0.00853913961467591
-0.001846968017600208
0.004230316575829256
0.0024404970192458348
-0.0016775225700303095
-0.001985706759903859
0.14363806536922635
0.021548776967502296
-0.040726163293575056
-0.021302055691506734
0.012646630971654995
0.014793899452110857
-0.0019107805803465464
-0.008671402969228144
-0.0017428965576506013
0.00436909759430713
0.002420057591333989
-0.0017834500657512083
0.14247752816145207
0.021174890316917674
-0.0408328946940394
-0.021135102660948302
0.012923458029653601
0.014828007899617104
-0.0021222312443225726
-0.008796914760111609
-0.0016375153337140037
0.004503890831384406
0.002396421877053806
0.14135123720685813
0.020815001517232826
-0.04092948720026346
-0.020969400214044833
0.013190015621983131
0.01485616167366747
-0.0023298913314857075
-0.008916001364969015
-0.0015310705984401796
0.004634762479236885
0.1402574755020905
0.020468320743965034
-0.041016704666773
-0.020805102997869678
0.013446778251477646
0.014878820946530402
-0.0025337540821413467
-0.00902897346347413
-0.0014237846577682732
0.13919464516761923
0.020134116617876473
-0.04109524349179236
-0.020642339423934203
0.013694195195765242
0.014896408155883457
-0.002733826484872761
-0.009136126846353556
0.13816125699516513
0.01981171083271104
-0.041165739549682244
-0.020481215103768352
0.01393269180800214
0.014909311098819244
-0.0029301273005218945
0.1371559212224595
0.019500473700669884
-0.04122877433515063
-0.02032181637474326
0.01416267053644847
0.01491788651125305
0.13617733920568234
0.01919981955568201
-0.041284880656593075
-0.0201642125418096
0.014384512788336305
0.13522429565143532
0.018909203420553793
-0.04133454681400034
-0.020008458579197808
0.13429565247979722
0.018628117213896397
-0.04137822208315121
0.13339034148462373
0.0183560866130162
0.13250736066030336
