0.016949424645127498
9.60511440540367e-5
3.846908353275034e-7
-3.7836623634560085e-9
-1.3923918745425978e-10
-2.3055593350272685e-12
-1.784401619520093e-14
3.2607380337501546e-16
2.179246366695864e-17
9.215718466126788e-19
7.26415455565288e-18
-2.710505431213761e-20
-1.5476986012230576e-17
3.7947076036992655e-19
1.848564704087785e-17
-3.2526065174565133e-19
-1.599198204416119e-17
5.421010862427522e-20
9.242823520438925e-18
-1.6263032587282567e-19
-2.087089182034596e-18
9.486769009248164e-20
-4.20128341838133e-18
-2.981555974335137e-19
8.592302216947623e-18
5.421010862427522e-20
-1.043544591017298e-17
-5.421010862427522e-20
1.1140177322288558e-17
1.8973538018496328e-19
-1.1438332919722072e-17
2.710505431213761e-20
1.0869126779167182e-17
8.131516293641283e-20
-1.0001765041178778e-17
-1.6263032587282567e-19
9.432558900623889e-18
-5.421010862427522e-20
-8.375461782450522e-18
-5.421010862427522e-20
7.670730370334944e-18
2.0328790734103208e-19
-6.423897871976614e-18
-1.0842021724855044e-19
5.041540102057596e-18
2.710505431213761e-19
-4.269046054161674e-18
-8.131516293641283e-20
3.144186300207963e-18
2.8642474103152844e-38
0.01694996868012414
0.0001358302771072179
6.660255936186653e-7
-7.572480114313718e-9
-3.113919980158794e-10
-5.646580642296173e-12
-4.714869987487713e-14
9.248244531301353e-16
8.847089727481716e-17
1.328147661294743e-18
-2.873135757086587e-17
1.8973538018496328e-19
1.1167282376600696e-17
-2.710505431213761e-20
8.998878031629687e-18
9.446063481813963e-51
-2.3798237686056822e-17
1.0842021724855044e-19
3.0140820395097023e-17
-5.421010862427522e-20
-2.824346659324739e-17
1.0842021724855044e-19
2.1521413123837263e-17
-1.6263032587282567e-19
-1.3715157481941631e-17
1.758979398390779e-45
6.5052130349130266e-18
-5.421010862427522e-20
-2.0057740190981832e-18
8.131516293641283e-20
-1.1926223897340549e-18
5.421010862427522e-20
2.8189256484623115e-18
1.6263032587282567e-19
-4.119968255444917e-18
5.421010862427522e-20
4.9873299934333204e-18
-5.421010862427522e-20
-6.288372600415926e-18
-3.2526065174565133e-19
7.318364664277155e-18
-1.6263032587282567e-19
-7.616520261710669e-18
-1.6263032587282567e-19
6.938893903907228e-18
-1.0842021724855044e-19
-6.1257422745431e-18
-1.0842021724855044e-19
4.9873299934333204e-18
0.016950512374055822
0.00016634940161600032
9.415085303783599e-7
-1.1981292236877376e-8
-5.394223509709584e-10
-1.0562165942210044e-11
-9.412544528519806e-14
1.9643303910549248e-15
1.2452061950996018e-16
2.6020852139652106e-18
-3.220080452281948e-17
-4.336808689942018e-19
4.038653092508504e-17
-5.421010862427522e-20
-3.236343484869231e-17
-1.6263032587282567e-19
1.4555414165617897e-17
3.5236570605778894e-19
4.7704895589362195e-18
-6.505213034913027e-19
-1.7293024651143796e-17
3.7947076036992655e-19
2.1033522146218786e-17
1.6263032587282567e-19
-1.7726705520137997e-17
-1.6263032587282567e-19
1.0028870095490916e-17
-1.6263032587282567e-19
-3.577867169202165e-18
2.710505431213761e-19
-9.215718466126788e-19
-3.5236570605778894e-19
2.0599841277224584e-18
4.336808689942018e-19
-1.3417001884508117e-18
-1.0842021724855044e-19
4.743384504624082e-19
3.2526065174565133e-19
-9.215718466126788e-19
-1.6263032587282567e-19
2.6834003769016235e-18
9.491439472597663e-38
-4.824699667560495e-18
4.0008904513963696e-37
6.884683795282953e-18
-5.421010862427522e-20
-8.158621347953421e-18
-3.2526065174565133e-19
0.01695105572684274
0.00019207445872741828
1.214973678253942e-6
-1.6955629537343184e-8
-8.240964609936702e-10
-1.724529785467055e-11
-1.6287524714359014e-13
3.5906607548374936e-15
1.960237527853792e-16
5.637851296924623e-18
1.1926223897340549e-17
3.2526065174565133e-19
8.456776945386935e-18
-3.7947076036992655e-19
-2.222614453595284e-17
1.5483073723643377e-47
2.2768245622195593e-17
3.7947076036992655e-19
-1.1438332919722072e-17
-3.2526065174565133e-19
-6.179952383167375e-18
4.87890977618477e-19
2.0491421059976034e-17
-1.6263032587282567e-19
-2.656295322589486e-17
-2.168404344971009e-19
2.233456475320139e-17
5.421010862427522e-19
-1.2061749168901237e-17
-5.421010862427522e-19
1.3552527156068805e-18
-1.6263032587282567e-19
5.854691731421724e-18
-1.0842021724855044e-19
-7.724940478959219e-18
-5.421010862427522e-20
4.9060148304969076e-18
1.6263032587282567e-19
-5.421010862427522e-19
-1.0842021724855044e-19
-2.846030702774449e-18
1.0842021724855044e-19
2.168404344971009e-18
7.72336977745842e-36
1.3552527156068805e-18
-3.252606517456513e-19
-8.077306185017008e-18
0.016951598738405273
0.00021473538301112322
1.4874097576295954e-6
-2.2445430968714986e-8
-1.1656111907924413e-9
-2.5863970687378668e-11
-2.573106658299018e-13
5.9613772251942976e-15
3.9020436187753305e-16
1.0842021724855044e-17
3.577867169202165e-18
-8.131516293641283e-20
-1.2468324983583301e-18
-2.168404344971009e-19
-8.782037597132586e-18
1.0842021724855044e-19
2.054563116860031e-17
-1.0842021724855044e-19
-2.5912431922403556e-17
-1.0842021724855044e-19
1.8512752095189988e-17
3.3881317890172014e-19
-9.75781955236954e-19
-5.963111948670274e-19
-1.826880660638075e-17
4.336808689942018e-19
3.0357660829594124e-17
-3.2526065174565133e-19
-3.04118709382184e-17
2.168404344971009e-19
1.9109063290057016e-17
2.168404344971009e-19
-4.065758146820642e-18
-2.981555974335137e-19
-8.592302216947623e-18
-2.710505431213761e-20
1.4690939437178585e-17
-5.421010862427522e-20
-1.1953328951652686e-17
-5.963111948670274e-19
2.9815559743351372e-18
7.589415207398531e-19
7.48099499014998e-18
-5.421010862427521e-19
-1.474514954580286e-17
3.7947076036992703e-19
0.01695214140866411
0.00023521943412343062
1.759189659050666e-6
-2.841074946445055e-8
-1.564049725453695e-9
-3.657154657235595e-11
-3.812254331658771e-13
9.248027690866856e-15
6.250425524378933e-16
1.7564075194265172e-17
-2.9815559743351372e-18
-2.168404344971009e-19
3.7947076036992655e-19
4.336808689942018e-19
3.7947076036992655e-18
5.421010862427522e-20
-7.047314121155779e-19
-1.0842021724855044e-19
-9.703609443745265e-18
5.421010862427522e-20
2.0491421059976034e-17
-1.0842021724855044e-19
-2.1277467635028025e-17
1.0365377849520932e-40
9.486769009248164e-18
4.87890977618477e-19
1.0110185258427329e-17
-6.505213034913027e-19
-2.7511630126819675e-17
-5.421010862427522e-20
3.4423418976414766e-17
3.7947076036992655e-19
-2.846030702774449e-17
-4.336808689942018e-19
1.2522535092207576e-17
5.963111948670274e-19
7.860465750519907e-18
-5.692061405548898e-19
-2.3527187142935446e-17
5.421010862427523e-19
2.949029909160572e-17
-1.6263032587282518e-19
-2.417770844642675e-17
-1.0842021724855027e-18
1.0462550964485121e-17
0.01695268373753987
0.00025405371050375193
2.030485737106874e-6
-3.481952289658644e-8
-2.0194608032261113e-9
-4.951047243625245e-11
-5.385709239691394e-13
1.3629071829446282e-14
9.460748157108512e-16
2.7647155398380363e-17
-3.903127820947816e-18
1.6263032587282567e-19
1.439278383974507e-17
5.421010862427522e-20
-1.3552527156068805e-17
-4.336808689942018e-19
2.927345865710862e-18
2.168404344971009e-19
5.149960319306146e-18
2.8284686542112457e-41
-2.0057740190981832e-18
-1.0842021724855044e-19
-8.321251673826247e-18
-5.421010862427522e-20
1.5910666881224778e-17
2.981555974335137e-19
-1.3444106938820255e-17
-8.131516293641283e-20
-1.0842021724855044e-19
6.776263578034403e-19
1.81603863891322e-17
-5.963111948670274e-19
-3.3772897672923463e-17
3.2526065174565133e-19
3.8868647883605334e-17
-5.421010862427514e-20
-3.252606517456513e-17
-2.168404344971005e-19
1.452830911130576e-17
6.505213034913043e-19
7.480994990149984e-18
-5.963111948670211e-19
-2.6386770372865952e-17
7.589415207398762e-19
0.016953225724953346
0.000271581662341807
2.301388726080964e-6
-4.164549591805086e-8
-2.531880297486442e-9
-6.481441381864239e-11
-7.331882496963704e-13
1.929879867024198e-14
1.3818156688327754e-15
4.2500725161431774e-17
1.666960840196463e-17
7.589415207398531e-19
-3.1712913545201005e-18
-6.2341624917916505e-19
-1.7862230791698686e-17
5.714292843975365e-42
2.42861286636753e-17
-1.0842021724855044e-19
-1.3335686721571705e-17
-3.2526065174565133e-19
-7.589415207398531e-19
-5.421010862427522e-20
6.559423143537302e-18
3.308843926179799e-38
-3.4287893704854078e-18
-1.3552527156068805e-19
-3.2255014631443757e-18
3.5236570605778894e-19
8.890457814381136e-18
-3.9302328752599536e-19
-9.324138683375338e-18
-2.7105054312137606e-19
3.144186300207963e-18
5.421010862427525e-19
8.565197162635485e-18
-8.673617379884024e-19
-2.0925101928970232e-17
6.505213034913076e-19
2.9029513168299394e-17
-2.1684043449708076e-19
-2.806728374021846e-17
-1.0842021724847424e-19
1.6696713456276913e-17
0.016953767370825636
0.0002880418622330578
2.5719509568797967e-6
-4.886674090940138e-8
-3.1013382599878736e-9
-8.260970922081834e-11
-9.689111492294789e-13
2.6460062439725984e-14
1.9821384117379992e-15
6.152847328855238e-17
6.776263578034403e-18
-2.710505431213761e-19
-2.0274580625478933e-17
-2.710505431213761e-19
8.294146619514109e-18
5.963111948670274e-19
1.3444106938820255e-17
-5.421010862427522e-20
-2.3310346708438345e-17
-4.607859233063394e-19
1.9569849213363355e-17
1.6263032587282567e-19
-8.578749689791554e-18
-2.710505431213761e-19
-2.0057740190981832e-18
4.743384504624082e-19
1.1817803680091998e-17
-1.3552527156068803e-19
-1.8323016715005025e-17
1.0842021724855056e-19
1.7780915628762273e-17
9.757819552369546e-19
-1.0354130747236566e-17
-4.065758146820611e-19
5.42101086242818e-20
2.7105054312138998e-19
5.814034149953546e-18
5.851863314852784e-32
-4.526544070126864e-18
-4.336808689939722e-19
-2.3039296165312543e-18
8.38185271032689e-31
0.01695430867507782
0.00030360802157961746
2.842204730400897e-6
-5.646462893570906e-8
-3.727861892875023e-9
-1.030164443333037e-10
-1.249518609240663e-12
3.5324824662619214e-14
2.718528527290154e-15
8.68445940160889e-17
-1.848564704087785e-17
2.710505431213761e-20
-1.2468324983583301e-18
1.4907779871675686e-19
1.2766480581016815e-17
2.168404344971009e-19
-5.312590645178972e-18
-1.0842021724855044e-19
-5.692061405548898e-18
2.439454888092385e-19
1.1953328951652686e-17
-4.607859233063394e-19
-1.6859343782149594e-17
3.7947076036992655e-19
2.2171934427328566e-17
4.666149611888349e-35
-2.1412992906588713e-17
-2.1684043449710062e-19
8.836247705756861e-18
1.084202172485506e-18
1.2143064331837653e-17
-5.421010862427446e-19
-2.965292941747853e-17
4.336808689942377e-19
3.4043948216044913e-17
2.1684043449725775e-19
-2.4638494369732768e-17
-6.505213034906648e-19
9.703609443746516e-18
2.1684043449951494e-19
1.5178830414842782e-18
0.016954849637631185
0.00031841128456712995
3.1121710590679996e-6
-6.442310254923048e-8
-4.411476828367761e-9
-1.261492815589349e-10
-1.5788658358148466e-12
4.611610572580194e-14
3.613754261111435e-15
1.1958749962515114e-16
-8.890457814381136e-18
1.0842021724855044e-19
9.703609443745265e-18
2.168404344971009e-19
-1.463672932855431e-18
-1.6263032587282567e-19
3.496552006265752e-18
-1.8973538018496328e-19
-6.938893903907228e-18
-4.336808689942018e-19
-6.505213034913027e-19
8.673617379884035e-19
1.1600963245594897e-17
1.0842021724855054e-19
-9.812029660993815e-18
-7.589415207398525e-19
-7.264154555652878e-18
7.589415207398565e-19
2.4177708446426758e-17
1.7644559124386237e-32
-2.6047957193964204e-17
-6.505213034912166e-19
8.836247705757046e-18
6.5052130349169295e-19
1.3552527156069614e-17
-6.505213034896573e-19
-2.7213474529382873e-17
6.453956178451863e-30
2.7430314963895708e-17
8.673617380119706e-19
0.016955390258407144
0.00033255354189884066
3.3818641962835992e-6
-7.272814992484531e-8
-5.1522078943163664e-9
-1.5211810944996268e-10
-1.9607567522741953e-12
5.906646699527229e-14
4.756178090259411e-15
1.6154612370034016e-16
3.686287386450715e-18
2.168404344971009e-19
6.505213034913027e-19
3.2526065174565133e-19
7.914675859144182e-18
2.710505431213761e-19
1.6263032587282567e-19
-7.589415207398531e-19
-2.3635607360183997e-17
7.589415207398531e-19
3.480288973678469e-17
1.0842021724855046e-18
-1.8214596497756474e-17
-1.3010426069826042e-18
-1.0245710529988014e-17
5.4210108624275915e-19
2.4455535253126175e-17
1.0842021724858846e-19
-1.51246203061727e-17
-8.673617379882109e-19
-4.174178364068771e-18
2.1684043449800665e-19
1.1980434005966735e-17
2.1684043450105983e-19
-4.3639137442461e-18
-8.673617379723064e-19
-8.294146619482513e-18
6.092032714412316e-29
1.5233040523536714e-17
0.016955930537327323
0.0003461158256309832
3.6512941461813394e-6
-8.13674156757661e-8
-5.950079347304994e-9
-1.8102857656920185e-10
-2.398902582655127e-12
7.441768555549455e-14
6.1524136479862435e-15
2.1402150884863858e-16
-4.716279450311944e-18
3.2526065174565133e-19
1.452830911130576e-17
8.673617379884035e-19
8.782037597132586e-18
-7.047314121155779e-19
-3.052029115546695e-17
-3.794707603699265e-19
1.9895109865109006e-17
9.757819552369544e-19
1.5287250632045613e-17
-7.589415207398509e-19
-3.9031278209478153e-17
-2.7105054312136263e-19
3.1387652893455384e-17
8.673617379884802e-19
-6.938893903907051e-18
-6.505213034908994e-19
-9.595189226495816e-18
-4.3368086899223367e-19
6.722053469414357e-18
8.673617379973252e-19
1.5178830414981897e-18
-4.336808689565941e-19
-1.8973538010980877e-19
1.4751866292762241e-28
-1.2088854222928948e-17
5.386762611314219e-28
0.016956470474313402
0.00035916383924970415
3.920468132226481e-6
-9.032990662817368e-8
-6.805114993865477e-9
-2.12982531025592e-10
-2.8970703874059422e-12
9.242021210831286e-14
7.811459812323562e-15
2.7907363919776884e-16
1.3118846287074604e-17
1.1384122811097797e-18
2.4557179206796675e-17
-2.168404344971009e-19
-3.290553593493506e-17
-6.505213034913026e-19
7.37257477290143e-18
9.757819552369546e-19
2.1304572689340162e-17
-5.421010862427484e-19
-2.146720301521298e-17
-5.963111948670029e-19
-1.8431436932252974e-18
4.336808689943469e-19
1.8431436932253917e-17
4.336808689949949e-19
-1.2902005852575702e-17
4.017547873216346e-30
-1.0842021724767116e-18
1.8893210509705593e-29
2.629190268317208e-18
8.257967403134185e-29
7.914675859312204e-18
3.3577174674072597e-28
-1.4636729327895232e-17
1.2707457337981533e-27
7.860465752926586e-18
0.016957010069287203
0.0003717517343126307
4.18939149602021e-6
-9.960576509134098e-8
-7.717338451444788e-9
-2.48078387530843e-10
-3.4590236220027187e-12
1.1333452622566687e-13
9.812897022731804e-15
3.5843723822370777e-16
3.61039323437673e-17
5.421010862427522e-19
-2.200930410145574e-17
-1.029992063861229e-18
-6.2341624917916505e-18
6.505213034913035e-19
2.2659825404947046e-17
-5.421010862426892e-20
-1.5991982044161175e-17
-2.1684043449705885e-19
1.7347234759769123e-18
2.168404344973594e-19
-2.6020852139645886e-18
2.168404344985695e-19
1.3877787807817856e-17
7.725947354054249e-30
-1.406752318798219e-17
-8.673617379507009e-19
-3.6862873863697035e-18
1.709122541751655e-28
1.7293024651497886e-17
7.204507282709567e-28
-1.3200161448571278e-17
-4.336808661681724e-19
-1.6263032532794767e-18
2.981556077530302e-19
0.016957549322170785
0.000383924768790597
4.458068268415162e-6
-1.0918609113586344e-7
-8.68677316624017e-9
-2.8641143471654085e-10
-4.088432771585243e-12
1.374297810968761e-13
1.2184047173957602e-14
4.52437566578201e-16
-6.7220534694101275e-18
1.5513521823585722e-34
-6.4510029262887506e-18
-5.4210108624273934e-20
1.75098650856409e-17
4.336808689942115e-19
-1.0950441942103569e-17
-2.16840434497033e-19
-3.2526065174547785e-19
2.168404344975354e-19
5.421010862438188e-19
4.336808689967687e-19
7.047314121216367e-19
8.673617380024326e-19
1.3010426069857927e-17
-4.3368086892313347e-19
-2.6888213877484966e-17
3.3421171749463883e-28
2.1277467635733124e-17
4.336808704550006e-19
-6.505213005190697e-19
-4.33680863054524e-19
-1.1600963233936039e-17
2.247911185495459e-26
4.228388515267003e-18
0.0169580882328863
0.00039572122703278334
4.726501544614361e-6
-1.1906280117845915e-7
-9.713442354570894e-9
-3.280741050191733e-10
-4.789005888898579e-12
1.6497919566940689e-13
1.487915693432207e-14
5.649777520821964e-16
5.3125906451789725e-18
6.505213034913045e-19
2.016616040823039e-17
-3.252606517456371e-19
-1.4365678785432894e-17
-3.2526065174554786e-19
-3.7947076036965654e-19
-2.1684043449641075e-19
-1.0842021724837761e-18
4.336808689984444e-19
3.842141448755718e-18
-4.3368086897010006e-19
7.426784881581513e-18
1.267910740567369e-28
-9.324138683092632e-18
6.1874410199582605e-28
-6.396792816334994e-18
2.8048687799374235e-27
1.7726705525949015e-17
6.234162610026393e-19
-6.88468377165503e-18
-4.3368082261543433e-19
-1.151964799323682e-17
1.6935727652736284e-25
0.016958626801356014
0.0004071738375513558
4.994693737500199e-6
-1.2922851391986164e-7
-1.0797369166077805e-8
-3.731562073228112e-10
-5.564521635354272e-12
1.9627062562005415e-13
1.8056194560356342e-14
6.99635661904896e-16
3.946495907847237e-17
6.505213034913223e-19
-8.456776945386879e-18
-8.673617379882544e-19
-8.782037597132188e-18
-2.1684043449606324e-19
-1.843143693222705e-18
6.642044097493181e-30
2.0057740191144874e-18
3.924057058662184e-29
1.5043305143328997e-17
8.673617382028697e-19
-1.6046192152298208e-17
-4.336808679077587e-19
2.11419423872457e-18
5.1092137140540685e-27
-3.0899761808045466e-18
5.963112171988531e-19
1.82145965431943e-17
9.080262234802227e-26
-1.973247936100138e-17
-4.3368052534401586e-19
9.757826060829495e-19
0.016959165027502415
0.0004183108404041791
5.26264675271374e-6
-1.3967645724760483e-7
-1.1938576741728126e-8
-4.217451189713131e-10
-6.418536492233673e-12
2.3159940762060294e-13
2.1744216670283034e-14
8.563028758290514e-16
1.7997756063259448e-17
-6.50521303491099e-19
-7.697835424646527e-18
-1.0842021724840257e-18
-1.4040418133683424e-17
8.673617379982664e-19
1.2468324983830307e-18
4.336808690548351e-19
2.1196152472237542e-17
3.444494611408639e-28
-7.480994989352413e-18
-8.673617361763631e-19
-1.2143064327797326e-17
-5.421010773999172e-19
4.011548057196819e-18
4.33680909080358e-19
7.264154638701973e-18
4.336810379715931e-19
3.903128158631404e-18
-6.505206406576116e-19
-1.9895108587113923e-17
-6.505188830674863e-19
0.016959702911248112
0.00042915680454639547
5.530362112451579e-6
-1.504003914002414e-7
-1.313708792801977e-8
-4.739259668300883e-10
-7.354705549005719e-12
2.712639683190299e-13
2.5904083565675418e-14
1.038990941892859e-15
1.9407218887491263e-17
-1.084202172483505e-18
-1.9515639104733752e-17
-8.673617379744961e-19
-1.447409900264594e-17
4.336808690832247e-19
2.8026626158968816e-17
8.673617385143438e-19
3.523657061819309e-18
-6.505213006168118e-19
-1.2359904759804019e-17
-7.04731397553934e-19
-1.2766480549146518e-17
2.168405029763366e-19
1.913616848884317e-17
4.336811683107e-19
-2.710499341108293e-19
-2.1683921745205352e-19
-5.149957930385089e-18
-4.336762629619827e-19
-1.2224370771293126e-17
0.016960240452515728
0.0004397332632154376
5.797841045043599e-6
-1.6139454495479964e-7
-1.4392925591508393e-8
-5.297817861488197e-10
-8.376750139892086e-12
3.1557438953666583e-13
3.0657551150503615e-14
1.2507356261792805e-15
8.673617379891029e-18
-2.168404344952369e-18
-2.9707139526054183e-17
-4.336808688698789e-19
1.76182853032008e-17
1.734723476741098e-18
2.2307459700728717e-17
6.505213078331433e-19
-3.6049722134608254e-18
-7.589414978987294e-19
-2.4557179155867526e-17
-6.5052119202529065e-19
5.637851536430214e-18
8.673622432856337e-19
2.173825460519354e-17
6.505234335074626e-19
-1.2034639857965489e-17
-7.589331654610609e-19
-8.64649621589937e-18
-4.3365035843283083e-19
0.016960777651228245
0.0004500592145430548
6.065084550075712e-6
-1.726535610222478e-7
-1.5706112613332168e-8
-5.893936513975614e-10
-9.488221406478425e-12
3.6484920987178704e-13
3.601665406888222e-14
1.4927295510780662e-15
-8.890457814317796e-18
-2.602085213799926e-18
-6.505213030688442e-19
4.336808700522106e-19
2.3635607362781118e-17
1.5178830477303519e-18
2.0139055368672178e-17
-4.3368083483163204e-19
-2.7159264343145745e-17
-1.517882868417857e-18
-1.4446993569597425e-17
4.336816828573302e-19
2.0084846962344476e-17
1.3010461643185736e-18
1.4555421403641888e-17
-6.505068390085635e-19
-2.5587142878448938e-17
-8.673069953690739e-19
-5.2040667491848235e-18
0.016961314507308714
0.00046015152077044056
6.33209344710439e-6
-1.8417245164104468e-7
-1.7076671655024116e-8
-6.528408035520739e-10
-1.0692758039675815e-11
4.194132020851616e-13
4.204161975149286e-14
1.7711526689725293e-15
1.843143693279985e-17
-1.3010426055863612e-18
1.246832498708007e-17
1.5178830500633196e-18
3.3393426933212244e-17
1.4094628729936992e-18
-4.689174283090588e-18
-1.3010423504566806e-18
-3.17942281361573e-17
-1.3010413551168255e-18
3.767605239260243e-18
1.1384179560847306e-18
2.8080848024638096e-17
8.67385660232308e-19
-4.5536013181130454e-18
-1.7346296372182138e-18
-3.7187953586786687e-17
-3.249179832552333e-19
0.016961851020680214
0.0004700252300929229
6.598868412664878e-6
-1.9594655885357692e-7
-1.850462540641494e-8
-7.202007601403437e-10
-1.1993942839773342e-11
4.795998667650461e-13
4.883886264156546e-14
2.089908107684816e-15
3.6429193000005617e-17
-5.421010749912573e-19
3.485709987302833e-17
1.734723542450061e-18
1.6208822635561027e-17
3.6330711936885045e-25
-2.2849559959709814e-17
-1.951562070014657e-18
-2.3879548820863382e-17
8.655216562527879e-24
2.4177726706838892e-17
1.3010804384681938e-18
1.9082035210729625e-17
-8.672079106014824e-19
-3.447732713771262e-17
-1.0836199902788677e-18
3.985545600529178e-18
0.016962387191266123
0.000479693838708742
6.865410008145216e-6
-2.079715212565704e-7
-1.998999645620638e-8
-7.915494149891844e-10
-1.339528542341345e-11
5.457522454788165e-13
5.6419170550719946e-14
2.4514895322210604e-15
7.27499658090551e-17
-2.1684034789973878e-19
3.014082060351647e-17
8.67362229939753e-19
-3.7947064645886035e-18
-1.0841995844600794e-18
-2.9327662995158834e-17
-1.1926097599269124e-18
-1.7346963383622743e-18
1.0842594263510295e-18
3.187566248841306e-17
8.676030866960267e-19
-1.6587810925263512e-17
-1.0832554387393154e-18
-6.069706773151569e-18
-2.1338324863553737e-19
0.01696292301898987
0.000489169506114833
7.13171870165728e-6
-2.2024324507078155e-7
-2.1532807265977477e-8
-8.66961125719351e-10
-1.490037889080586e-11
6.182164155599414e-13
6.486993017408714e-14
2.8592579693866388e-15
8.809142677923043e-17
-4.3368023172294155e-19
1.6479874525990156e-17
-4.3367738599994933e-19
-1.8431429018987113e-17
-1.1926047453416378e-18
-1.6317204078342827e-17
-4.3359789149815384e-19
1.561268634664531e-17
4.340435609656543e-19
1.681251331660125e-18
3.2673540953078556e-19
1.4665677398331484e-18
-2.1125896126863563e-19
-9.232252520319816e-18
0.01696345850377507
0.0004984632334578778
7.397794885065563e-6
-2.3275787899628905e-7
-2.313308033454961e-8
-9.465088041680017e-10
-1.651272789836804e-11
6.97349730044556e-13
7.421092820152345e-14
3.3167912868577652e-15
9.291612808361982e-17
-1.951559421918515e-18
4.336912622386173e-19
-4.3365725580726954e-19
-1.539561819837165e-17
-4.335656339308429e-19
5.423486919336166e-19
-4.3315847898136237e-19
-8.4556946659482e-18
4.358829711993609e-19
2.1525813841532222e-17
8.759999363708417e-19
-3.669632057357518e-18
-9.442376240214407e-19
0.016963993645545537
0.0005075850124060272
7.663638887233249e-6
-2.455117922150617e-7
-2.479083802386364e-8
-1.0302639806818862e-9
-1.8235887233315213e-11
7.835134450971335e-13
8.4513342507113e-14
3.828317876587728e-15
9.297034937056347e-17
-3.035735796364566e-18
1.4095316346765589e-18
-4.335274404247253e-19
-1.1922865860813523e-18
-1.0834806299318304e-18
-2.574827930865752e-17
-6.473674467078535e-19
1.5158142488705858e-17
1.7475475935443133e-18
2.061146134267689e-17
5.364264036458092e-19
-1.009957664144975e-17
0.016964528444225135
0.0005165439502867721
7.929250984890692e-6
-2.5850155507692665e-7
-2.6506102705943502e-8
-1.1182968826135831e-9
-2.007335449119654e-11
8.77078032604123e-13
9.584412258480127e-14
4.399258772322365e-15
1.1026344718312478e-16
-2.6018892753906463e-18
1.4745586436025298e-17
-8.664055306891109e-19
-3.539714632270423e-17
-8.630269821294376e-19
-4.924139178452157e-18
6.68794308299e-19
2.5135797497195697e-17
2.240084479635248e-18
1.7160181290448195e-17
-3.887629106728829e-19
0.01696506289973795
0.000525348375958151
8.194631411061561e-6
-2.71723922050382e-7
-2.827889665100655e-8
-1.2106764895073863e-9
-2.2028611844775652e-11
9.784239391347963e-13
1.0829510042153713e-13
5.0354688099900185e-15
1.4447048498283517e-16
-4.0645418292063775e-18
-2.3958205893906817e-17
-2.162684226198021e-18
-2.405722006588221e-17
-4.086781209676749e-19
1.1163945341940342e-17
1.5111289683939127e-18
3.3430358900016124e-17
1.468981103191824e-18
-9.191693590765987e-18
0.016965597012008143
0.0005340059299194892
8.459780362129565e-6
-2.8517581661207086e-7
-3.010924207056058e-8
-1.3074705929472439e-9
-2.4105101595220105e-11
1.0879359482094989e-12
1.219382674294081e-13
5.739659366512589e-15
1.2311446916315663e-16
-6.931643973283129e-18
-2.253582716803077e-17
-1.2681764381708106e-18
-1.0177618481373362e-17
1.439589708548798e-18
3.0580327596480374e-17
1.8445304039049225e-18
1.397701987881101e-17
-6.715916275381239e-19
0.01696613078096007
0.0005425236414378787
8.724698003451689e-6
-2.9885431780435513e-7
-3.199716109105765e-8
-1.4087458526098748e-9
-2.6306266490557527e-11
1.2060042652109218e-12
1.3676755436942246e-13
6.516497566161156e-15
1.3866167587462962e-16
-7.439475197632097e-18
-1.4657551836059312e-17
-4.690362485810302e-19
1.403021630190687e-17
2.0390027833802674e-18
2.1506301986639793e-17
2.993409141337228e-19
-2.146281706353387e-17
0.016966664206518198
0.0005509079949064749
8.989384474044119e-6
-3.1275664822967353e-7
-3.394267579254557e-8
-1.5145678442941288e-9
-2.86356198039822e-11
1.3330291834886231e-12
1.5294766456978425e-13
7.374143080447664e-15
1.6402616409461125e-16
-7.360823836491351e-18
9.255634432142656e-18
7.467924141994604e-19
1.2225683153210447e-17
3.106929847519168e-19
-1.3419666232521843e-17
-2.0249266100683166e-18
0.01696719728860721
0.0005591649872171164
9.253839890383237e-6
-3.2688016329341214e-7
-3.5945808287948164e-8
-1.6250011063203063e-9
-3.10964914578268e-11
1.469418883785887e-12
1.7052897600470683e-13
8.318276005813114e-15
2.1289817247197683e-16
-7.246255761422086e-18
1.2004045735276562e-17
-7.155485404382428e-19
-2.2592846709132642e-17
-1.7530488851555484e-18
-3.507993254648667e-17
0.016967730027151892
0.0005673001775911957
9.518064349505248e-6
-3.412223415267444e-7
-3.8006580463523265e-8
-1.7401091762598987e-9
-3.3692299182773244e-11
1.6155886282859588e-12
1.8960976421534073e-13
9.352923896471417e-15
2.471940529536535e-16
-9.660641031070539e-18
-2.4751855241861756e-17
-2.906183744357295e-18
-5.623199100739294e-17
-2.2681175725696734e-18
0.016968262422077093
0.0005753187310462381
9.782057931940548e-6
-3.557807758597528e-7
-4.012501424811924e-8
-1.8599546413299436e-9
-3.642640379778204e-11
1.7719571148595664e-12
2.1023261600001445e-13
1.048278681525905e-14
2.4016912876808284e-16
-1.4406586443652448e-17
-7.135099849197449e-17
-4.2894286905182344e-18
-3.7634241088485027e-17
0.01696879447330797
0.0005832254564643879
1.0045820703691623e-5
-3.7055316573588723e-7
-4.230113146674715e-8
-1.984599166581177e-9
-3.9302206774866004e-11
1.938951141806997e-12
2.324457045842455e-13
1.1713954619116567e-14
2.1410884790363922e-16
-1.791935905912085e-17
-7.083112547267054e-17
-2.399084199694713e-18
0.016969326180769736
0.0005910248400602333
1.03093527182575e-5
-3.8553730995032393e-7
-4.453495394543929e-8
-2.1141035368485126e-9
-4.232309368116575e-11
2.117003076337225e-12
2.5634889707504026e-13
1.3054420980780312e-14
2.3042823680843587e-16
-1.8862884688322438e-17
-2.901598349948517e-17
0.01696985754438779
0.0005987210749098756
1.0572654018135437e-5
-4.0073110014569547e-7
-4.682650345834861e-8
-2.2485276850242242e-9
-4.54923885002329e-11
2.3065576583947835e-12
2.8208943000511725e-13
1.4515302427133594e-14
2.962349040179111e-16
-1.8261430997462557e-17
0.01697038856408761
0.0006063180870934097
1.0835724636238703e-5
-4.1613251487245264e-7
-4.9175801675337254e-8
-2.38793071647701e-9
-4.881334321190545e-11
2.5080666756953692e-12
3.0977472662935557e-13
1.610192392198234e-14
3.767653918256812e-16
0.016970919239794827
0.00061381955891379
1.1098564597120063e-5
-4.3173961416651255e-7
-5.1582870147061064e-8
-2.5323709456684666e-9
-5.2289231540945486e-11
2.7219854282343965e-12
3.394651237253253e-13
1.7817038014542575e-14
0.016971449571435242
0.0006212289495820641
1.1361173917986932e-5
-4.475505345820241e-7
-5.40477304004958e-8
-2.6819059216752483e-9
-5.592335859869392e-11
2.9487718071097644e-12
3.711722244238712e-13
0.016971979558934883
0.000628549513698903
1.1623552609477904e-5
-4.635634846458139e-7
-5.657040394911286e-8
-2.836592458141116e-9
-5.971907357858138e-11
3.188890517385986e-12
0.016972509202219887
0.0006357843178127851
1.1885700676396368e-5
-4.797767406610105e-7
-5.9150912316243466e-8
-2.9964866536180206e-9
-6.367963574435874e-11
0.016973038501216484
0.000642936255293961
1.214761811832689e-5
-4.961886428486956e-7
-6.178927689990848e-8
-3.161643903355709e-9
0.01697356745585099
0.0006500080597289944
1.2409304930345845e-5
-5.127975917712028e-7
-6.44855189013567e-8
0.016974096066049934
0.0006570023170118545
1.2670761103586408e-5
-5.296020450459339e-7
0.016974624331740108
0.0006639214762832981
1.2931986625426178e-5
0.01697515225284837
0.0006707678598498853
0.016975679829301694
