0.1114330247599038
0.008638662080068575
0.0004251043542408753
-8.23221110602592e-5
-3.516178183178304e-5
-6.766255507437754e-6
-2.2957031349090523e-7
3.775534793946673e-7
1.58117240429273e-7
2.7351868265310456e-8
-4.990231525746347e-9
-5.175409963000671e-9
-1.6225612435669806e-9
-2.7518755286656815e-11
2.2100025477179985e-10
1.0630077677473149e-10
1.3772062483485836e-11
-1.1820852673441462e-11
-8.2035467828534e-12
-1.7380183663789905e-12
7.83426383661745e-13
7.496484986588281e-13
2.0437688000307652e-13
-6.557991996669621e-14
-8.041852773976732e-14
-2.501688092793053e-14
7.099789506304077e-15
1.0006969211606709e-14
3.3068166260807885e-15
-1.0251131540850444e-15
-1.4888264232570947e-15
-4.354155924701786e-16
2.5457067009959644e-16
2.231288070975168e-16
-1.1058862159352145e-17
-3.881443777498106e-17
2.5370330836160804e-17
-4.9873299934333204e-18
-4.85722573273506e-17
5.637851296924623e-18
4.92227786308419e-17
4.336808689942018e-19
-4.2717565595928875e-17
-4.336808689942018e-18
3.426078865054194e-17
3.144186300207963e-18
-2.6129272356900657e-17
-3.686287386450715e-18
2.168404344971009e-17
4.336808689942018e-19
0.11203421310309514
0.012074326995448456
0.000665978776400393
-0.00017977402938827713
-7.918646451402726e-5
-1.557496084941823e-5
-1.6016286618226322e-7
1.149938106964274e-6
4.585712236044974e-7
6.932930900704036e-8
-2.217144260980436e-8
-1.8027366289856406e-8
-5.023320529505548e-9
3.08735381823657e-10
9.110185648399105e-10
3.76464473744037e-10
2.1978982436138272e-11
-5.772748034801878e-11
-3.2254847230628325e-11
-4.337329106984811e-12
4.548726196054731e-12
3.2016728677974893e-12
5.861847465760128e-13
-4.4634478404970146e-13
-3.659069575112639e-13
-7.556845774137066e-14
5.440418081315013e-14
4.741953357756401e-14
9.668264452922237e-15
-8.049550609401379e-15
-6.838713623169568e-15
-1.1895866236510955e-15
1.4075112603206819e-15
1.0642528525117712e-15
9.584347204771859e-17
-2.647621705209602e-16
-1.4246416546459528e-16
-8.673617379884035e-18
1.1763593571467723e-17
3.122502256758253e-17
4.5102810375396984e-17
-1.214306433183765e-17
-5.4860629927766524e-17
4.336808689942018e-19
4.662069341687669e-17
-4.336808689942018e-19
-4.0549161250957866e-17
-1.734723475976807e-18
3.122502256758253e-17
0.11254927302235151
0.014591941715629442
0.000841494558349724
-0.00030643985687104454
-0.00013729228637027885
-2.710517806707967e-5
5.406449603024416e-7
2.5750714563775937e-6
9.769284131295498e-7
1.2209336045366885e-7
-6.596840190862402e-8
-4.51246505083977e-8
-1.0951800576662618e-8
1.8351429904774758e-9
2.631090489143423e-9
9.327492860120717e-10
-2.7678381721990553e-11
-1.904149217859044e-10
-8.781318337411359e-11
-3.965893585755609e-12
1.6929758376443838e-11
9.357580682545219e-12
7.93807294202642e-13
-1.8328346652884964e-12
-1.1244108942543019e-12
-1.0728744281873759e-13
2.3803441856484753e-13
1.5012340329190188e-13
1.1563016169557905e-14
-3.6134723685465886e-14
-2.1812196146497875e-14
-5.928417479150738e-16
6.2148636931214085e-15
3.3579909686221043e-15
-2.1402150884863858e-16
-1.1653004949874202e-15
-5.252959525692269e-16
1.1145598333150986e-16
2.246466901389965e-16
8.413408858487514e-17
-2.0383000842727483e-17
-5.4643789493269423e-17
-4.5536491244391186e-17
1.7564075194265172e-17
5.833007687972014e-17
-4.336808689942018e-19
-5.865533753146579e-17
-5.637851296924623e-18
0.11297717784801978
0.016600495681279206
0.0009568596676082775
-0.0004620583427629556
-0.00020870378958599313
-4.0741336371470996e-5
2.3456218003871723e-6
4.878599588338875e-6
1.7568415933998972e-6
1.6497155314282134e-7
-1.5688124848072665e-7
-9.362896326108559e-8
-1.915657089381073e-8
6.151086664758082e-9
6.177504459792954e-9
1.8526937202271998e-9
-2.7005244351493984e-10
-4.986005675174099e-10
-1.901998664902843e-10
1.2556123675511177e-11
4.8642981136104435e-11
2.1540736642317038e-11
-7.198941963382222e-13
-5.655885048500009e-12
-2.6904407521288753e-12
1.0026571586885247e-13
7.687526830391089e-13
3.6514844967139304e-13
-2.848372579467018e-14
-1.190150408780788e-13
-5.2568192854263174e-14
8.603577919541472e-15
2.0413792184426072e-14
7.752045533271357e-15
-2.5118795932144167e-15
-3.74873743158588e-15
-1.072492789022661e-15
6.917209860457518e-16
7.153565934059358e-16
1.231653667943533e-16
-1.9905951886833861e-16
-1.4137996329210978e-16
1.2034644114589099e-17
6.201636426617085e-17
3.252606517456513e-17
-2.6454533008646308e-17
-6.375108774214766e-17
0.11331822381419254
0.018259399516965757
0.0010147184158243675
-0.0006453889107422542
-0.00029210150932065023
-5.56283386094307e-5
5.776101076536769e-6
8.27024532850263e-6
2.8172475197499325e-6
1.6132203960097374e-7
-3.211099436164523e-7
-1.7059881483828462e-7
-2.7856481302646757e-8
1.580316231174217e-8
1.253987040724866e-8
3.087851744697917e-9
-9.636098186743824e-10
-1.1095561318688607e-9
-3.4407804773775585e-10
7.476843796871968e-11
1.1666329783732027e-10
4.1019388189941774e-11
-7.851575726386395e-12
-1.4336225999736496e-11
-5.254447918434657e-12
1.1399546671203575e-12
2.0160041171168874e-12
7.111949917870675e-13
-2.126649550904247e-13
-3.1624572752186886e-13
-9.826113447214402e-14
4.5793230318835754e-14
5.3790197122871586e-14
1.302408701719937e-14
-1.064111906229348e-14
-9.624245844719326e-15
-1.3042952135000618e-15
2.5348646792711094e-15
1.6786702236593065e-15
-1.3444106938820255e-17
-5.88938620094126e-16
-2.7842311789427754e-16
1.1015494072452725e-16
1.205632815803881e-16
-5.0306980803327406e-17
-2.6671373443143406e-17
0.1135739508412384
0.01965181309206192
0.0010178189343794546
-0.0008545526627395756
-0.0003858246461407363
-7.076714686092209e-5
1.136043661205486e-5
1.292477790041345e-5
4.145674275503374e-6
5.820187946002642e-8
-5.888757679079967e-7
-2.8153854514899324e-7
-3.309741028858018e-8
3.434662383325349e-8
2.275903021511233e-8
4.347751982654996e-9
-2.5264367351646166e-9
-2.1782946852538787e-9
-5.258763268595201e-10
2.362649644069986e-10
2.43606605374036e-10
6.528299689029238e-11
-2.8273296681299853e-11
-3.1270003947314606e-11
-8.40379545466452e-12
4.236576367500078e-12
4.5072912416288524e-12
1.0931928105806232e-12
-7.555588099616983e-13
-7.112127727026962e-13
-1.339063408767327e-13
1.5136806738591524e-13
1.1922862870605844e-13
1.2373782554142565e-14
-3.245017102249115e-14
-2.0586397170285764e-14
4.90059381963448e-16
7.202571872255703e-15
3.361894096443052e-15
-7.426784881525705e-16
-1.433748952894831e-15
-5.30825383648903e-16
1.5439038936193583e-16
3.157196726277789e-16
1.3097162243624896e-16
0.1137470139967407
0.02082878850542823
0.0009693902911102475
-0.0010871874916197795
-0.0004879882072216027
-8.509044015421918e-5
1.959656747533775e-5
1.8966396583696907e-5
5.6946596479028055e-6
-2.1199056881356787e-7
-9.919119733155408e-7
-4.2883613776299387e-7
-2.827368828189729e-8
6.623932774984728e-8
3.7705235171299825e-8
4.975663931870364e-9
-5.553267199386036e-9
-3.860585436402109e-9
-6.609912851437971e-10
5.807258168268048e-10
4.5429834373555966e-10
8.402233639751011e-11
-7.475628883285568e-11
-6.031398123995668e-11
-1.0386614962207275e-11
1.1505257900903954e-11
8.831335836234633e-12
1.1594353949151426e-12
-2.0323053136206415e-12
-1.3887662721201455e-12
-8.102242834984175e-14
3.9514030068799055e-13
2.2702759810977469e-13
-1.2822859093986061e-14
-8.13177650216268e-14
-3.707082384118987e-14
8.751679936302992e-15
1.7281748948549946e-14
5.712444406391626e-15
-3.247402347028583e-15
-3.63207727782644e-15
-7.055987738535663e-16
8.534839501805892e-16
7.849623728795053e-16
0.11384101858176301
0.0218253188234495
0.0008731320176549005
-0.001340586458450024
-0.0005965853823008899
-9.752871541381103e-5
3.0920936232841506e-5
2.6458328390807206e-5
7.3816912258455394e-6
-7.281384235679339e-7
-1.5604796842799869e-6
-6.103365824518606e-7
-3.918442037856296e-9
1.1655776592002249e-7
5.78015184201329e-8
3.8397129959073795e-9
-1.0803202796314665e-8
-6.269685401925906e-9
-5.991463276032449e-10
1.2237790850133656e-9
7.688876488623486e-10
7.423194177402781e-11
-1.6588095263711522e-10
-1.0457224539420218e-10
-7.148507046722541e-12
2.6104592012327066e-11
1.5395488269648316e-11
1.0834735886255942e-13
-4.6041443227395895e-12
-2.381115703914416e-12
2.323002901150062e-13
8.789288741262169e-13
3.7154394144645053e-13
-1.0130394786922459e-13
-1.758133569285114e-13
-5.463945268457948e-14
3.290423489232808e-14
3.5785610585925554e-14
6.50196042839557e-15
-9.653736143810931e-15
-7.323568834705085e-15
-5.5511151231257494e-17
2.7547408798511705e-15
0.11386033335174543
0.022667395964231174
0.0007331040726501845
-0.00161182993855972
-0.0007095791833751351
-0.0001070655667128528
4.568548444683525e-5
3.5398114019351105e-5
9.092366042361827e-6
-1.5758004281891946e-6
-2.320310637506269e-6
-8.182590516994485e-7
5.2183544433075796e-8
1.9055830055222933e-7
8.272985870384601e-8
-7.376165149595298e-10
-1.9152546481063237e-8
-9.42036279560389e-9
-9.25467905435462e-11
2.308505283633855e-9
1.1925572532527767e-9
-4.751315660356248e-12
-3.255831472481763e-10
-1.644036686301864e-10
8.710402624872993e-12
5.215749343924839e-11
2.4009402972702265e-11
-3.525410432331233e-12
-9.19148524652913e-12
-3.5748183926931354e-12
1.1142605935154926e-12
1.7261010329394644e-12
5.08836028867421e-13
-3.198489650219072e-13
-3.3474243342490606e-13
-5.891728077633829e-14
8.72416288516531e-14
6.475375791126226e-14
1.2385925618474409e-15
-2.2881870009872074e-14
-1.1916682918222675e-14
2.576064361825562e-15
0.11380989613484563
0.023375505280654137
0.0005535916745303617
-0.0018979067399979496
-0.0008249807713585238
-0.00011278060539073043
6.414333630192642e-5
4.571825031162574e-5
1.0686081442881287e-5
-2.8419903274571473e-6
-3.2898482178228723e-6
-1.0385976785827044e-6
1.5456169763896146e-7
2.9313327438648673e-7
1.1116220127174118e-7
-1.0994011304631124e-8
-3.1513329522281364e-8
-1.3166879459566155e-8
1.2182633122789777e-9
3.9933051676575154e-9
1.7026690608649975e-9
-2.152033106838508e-10
-5.81092588110288e-10
-2.3474018497234017e-10
4.8830032031710324e-11
9.432158873390328e-11
3.3305035378877745e-11
-1.2054144141182555e-11
-1.6565966480530658e-11
-4.58105862272129e-12
3.0419512395130077e-12
3.0517654375783465e-12
5.286782296665127e-13
-7.68220990293722e-13
-5.698074390797503e-13
-1.9208593049491185e-14
1.9174896045970335e-13
1.0321084265019209e-13
-1.779175765048712e-14
-4.677855325319057e-14
-1.6717096457119477e-14
0.11369502439191037
0.023966500243731613
0.00033897241380467444
-0.002195819121034449
-0.0009409122464643536
-0.0001138795469484092
8.644278553926639e-5
5.72913108877653e-5
1.2003379837565928e-5
-4.60994354974098e-6
-4.478072445722198e-6
-1.2510635926440278e-6
3.193534357025067e-7
4.282265370319886e-7
1.405544936936183e-7
-2.9677072511469574e-8
-4.872410853972754e-8
-1.714335345990442e-8
3.8067262124637236e-9
6.432118082946858e-9
2.2348655469642265e-9
-6.428535247529621e-10
-9.59049274891488e-10
-3.0198725247884695e-10
1.2956883049114465e-10
1.5693289463075688e-10
4.004639024904333e-11
-2.8725369305426796e-11
-2.734272617349598e-11
-4.580857828478946e-12
6.671667992369512e-12
4.908403544723328e-12
2.1945379541365995e-13
-1.5774178838134922e-12
-8.712349418293908e-13
1.1918417641698653e-13
3.715174869134419e-13
1.4297764361348444e-13
-6.467070802484982e-14
-8.535880335891467e-14
0.11352124057990043
0.02445466912380627
9.359799332424139e-5
-0.0025026686341646804
-0.0010556531351570346
-0.00010971209774884253
0.00011262847925924864
6.993836979074346e-5
1.287404729892385e-5
-6.954375346287893e-6
-5.88308108367833e-6
-1.4295481614002258e-6
5.634080511465571e-7
5.98275023343817e-7
1.6703161231446453e-7
-5.993024030769706e-8
-7.142414192419858e-8
-2.071504252485444e-8
8.248264477678235e-9
9.748295147233438e-9
2.6700574980165204e-9
-1.3956959364277988e-9
-1.479884956657844e-9
-3.409238984869445e-10
2.7181190718345016e-10
2.4271251067992106e-10
3.842069154144645e-11
-5.7647739012955945e-11
-4.166266290295262e-11
-2.1688588425217148e-12
1.2805163179807622e-11
7.204800991922333e-12
-7.652867055341073e-13
-2.8954616482224083e-12
-1.185250465482457e-12
4.4084527694998604e-13
6.498135363131042e-13
1.6311604844609945e-13
-1.595156298717088e-13
0.11329411908230287
0.02485237229314231
-0.00017830380721345178
-0.0028157218486442753
-0.0011676712057119044
-9.977911000458566e-5
0.00014264827870733889
8.343947705207822e-5
1.3125166800581275e-5
-9.93758900866195e-6
-7.491483952834499e-6
-1.5430268545521195e-6
9.032979905372086e-7
8.037343229692516e-7
1.853774456066562e-7
-1.0512459927276667e-7
-9.992439359805816e-8
-2.2947718516207194e-8
1.5193447390395715e-8
1.4004515795293382e-8
2.8242938339591295e-9
-2.599229520852675e-9
-2.150863075427341e-9
-3.120998069358616e-10
4.9991504859348e-10
3.5110670447424663e-10
1.94403547079669e-11
-1.0349987707158892e-10
-5.878354075207481e-11
4.770534661746595e-12
2.2297489375711077e-11
9.604341627555968e-12
-2.9264980196119783e-12
-4.8580063582992494e-12
-1.3902713615759894e-12
1.0618138313045484e-12
1.0392095170508332e-12
1.2450977748823768e-13
0.11301915843372062
0.02517044137396881
-0.0004727051809875144
-0.003132456727547385
-0.001275639277178716
-8.373096376822296e-5
0.0001763641410414186
9.754502641415698e-5
1.2588501228261162e-5
-1.360663518232795e-5
-9.278569837576148e-6
-1.5567857276493902e-6
1.3543334469968624e-6
1.0427304205037381e-6
1.8913051171975254e-7
-1.6865252499068117e-7
-1.3408884759003384e-7
-2.25998926435024e-8
2.532783367412139e-8
1.917179791375949e-8
2.443239576366968e-9
-4.388065357689014e-9
-2.958430078605495e-9
-1.6021986775499597e-10
8.397078635723199e-10
4.76406530544593e-10
-2.941327433350627e-11
-1.7099499420580866e-10
-7.661864762434356e-11
1.912005623272428e-11
3.5903874057857665e-11
1.141286370964778e-11
-6.921267378667827e-12
-7.54290380156064e-12
-1.2709256390353002e-12
2.1253155485512266e-12
1.5289158827869292e-12
0.1127016799338689
0.025418442422547496
-0.0007858329865424859
-0.0034505916274711005
-0.0013784402956960422
-6.13593065397957e-5
0.00021356544215261008
0.00011198705133141093
1.1106782920167375e-5
-1.7991580167454196e-5
-1.1209135134832666e-5
-1.4338381726132499e-6
1.9296624487550457e-6
1.3108610833335692e-6
1.707736744386082e-7
-2.5370232447459104e-7
-1.7323772388833092e-7
-1.8139771535124333e-8
3.932163074532938e-8
2.5100815432242685e-8
1.2024487334658107e-9
-6.894316986229276e-9
-3.860670497700391e-9
1.860818304999512e-10
1.315600905559683e-9
6.058450668228188e-10
-1.24190284141526e-10
-2.6410501563489674e-10
-9.127048335860755e-11
4.448669904677516e-11
5.4062064070228844e-11
1.1470093971843734e-11
-1.353482256827298e-11
-1.090835928529986e-11
-4.943632309073226e-13
3.788320785541633e-12
0.11234675170643207
0.02560485985299695
-0.0011142041627431806
-0.00376809956722394
-0.0014751631846627086
-3.258420672491453e-5
0.000253983373436109
0.00012648972804350659
8.538680131033732e-6
-2.310482803560745e-5
-1.3238822983745874e-5
-1.136404268844201e-6
2.6395176699967396e-6
1.6011522493296262e-6
1.2199815351259663e-7
-3.630332621219756e-7
-2.1608101366055524e-7
-7.786022698970385e-9
5.7773351052822774e-8
3.149844556449982e-8
-1.286039244714765e-9
-1.0233589703076418e-8
-4.780689889967438e-9
8.128195616574629e-10
1.946956758140661e-9
7.178982755484675e-10
-2.840253449098995e-10
-3.850824693840682e-10
-9.662665763007783e-11
8.503318188468612e-11
7.662277149572684e-11
8.064318310352396e-12
-2.3614802821536555e-11
-1.4719730642709275e-11
1.4023972955136884e-12
0.11195913586100369
0.025737233268445247
-0.0014546447132040676
-0.004083210663206166
-0.0015650919210932629
2.561458824150431e-6
0.00029730532588949604
0.00014077860923071388
4.762374394901535e-6
-2.8941364089125378e-5
-1.531580778080157e-5
-6.273429034760192e-7
3.4906478094268514e-6
1.9041596384110522e-6
3.401751467796074e-8
-4.987682554781492e-7
-2.6068704674260534e-7
1.0430896388823052e-8
8.115206402703468e-8
3.79118384186139e-8
-5.460931063469912e-9
-1.4489657879784845e-8
-5.601677760536106e-9
1.8175040188139757e-9
2.743993268716771e-9
7.810116338380357e-10
-5.302072296833882e-10
-5.333511531729895e-10
-8.408225418005119e-11
1.451728241742487e-10
1.0255153757438028e-10
-1.1118085618819966e-12
-3.796918248560837e-11
-1.847143618616191e-11
0.11154325561192253
0.025822265624211083
-0.0018042953767519639
-0.004394405566604147
-0.001647690047879601
4.394888297156547e-5
0.00034318846917163657
0.00015458832933224875
-3.2219374225452707e-7
-3.5479744104527713e-5
-1.7382666576399794e-5
1.2854821196351882e-7
4.485949282955447e-6
2.2081948966509723e-6
-1.020936899924843e-7
-6.622178874027967e-7
-3.044871530930547e-7
3.859171897671598e-8
1.0974267869749352e-7
4.3721470579377586e-8
-1.1793500475244106e-8
-1.9699039174175814e-8
-6.1642263203542935e-9
3.304360198658207e-9
3.703542185602704e-9
7.529388354118871e-10
-8.84778032957112e-10
-7.043562269895553e-10
-4.2442186050373e-11
2.2913082022013625e-10
1.29625330434758e-10
-1.894784155964518e-11
-5.722563048426714e-11
0.1111031788887295
0.02586591327499367
-0.0021606070288741185
-0.00470040247240699
-0.0017225824880426712
9.137031518299896e-5
0.00039127200515104215
0.00016766869803129785
-6.7922706932473705e-6
-4.268363912605846e-5
-1.9378298858346507e-5
1.1634224805984542e-6
5.624295453181532e-6
2.4996491014527e-6
-2.950602027069517e-7
-8.537450228891796e-7
-3.44314340749172e-7
7.88013933446241e-8
1.4359806778775977e-7
4.8143761168656374e-8
-2.0765202115094472e-8
-2.5836647616489516e-8
-6.2662680348421484e-9
5.378168561540053e-9
4.805007285287044e-9
5.808275561902667e-10
-1.3687193340522481e-9
-8.884766707073492e-10
4.1949995560620986e-11
3.403897372300542e-10
1.5415921317263884e-10
-4.883206772969879e-11
0.11064261501067983
0.025873463907471615
-0.002521328576743225
-0.005000139897160784
-0.0017895361500332705
0.00014455532514299173
0.0004411878050255237
0.0001797892275739077
-1.4702241415125855e-5
-5.0503751815526854e-5
-2.1239783322276988e-5
2.5054967274593803e-6
6.900546780590211e-6
2.7633839606022725e-6
-5.530852225244919e-7
-1.0726749315702333e-6
-3.7647155362975984e-7
1.330980470420906e-7
1.825009569430755e-7
5.024301109358975e-8
-3.2842561611262644e-8
-3.2803568185586773e-8
-5.665762281212294e-9
8.13710259763012e-9
6.006855984841409e-9
2.0212026843880036e-10
-1.9998313452278235e-9
-1.0701021718045824e-9
1.8483735722553064e-10
4.810512257633272e-10
1.7079180864719086e-10
0.11016492126864882
0.02584960573787685
-0.0028844897192301933
-0.005292757012727446
-0.0018484404489566802
0.00020318579396468202
0.0004925693188558538
0.00019074222549404253
-2.4084383238824527e-5
-5.887994010526053e-5
-2.2904089346124923e-5
4.178396643428686e-6
8.30571625048699e-6
2.9831616851355713e-6
-8.83563848955507e-7
-1.3172518822587853e-6
-3.968235364388596e-7
2.0336339368043355e-7
2.259374828469593e-7
4.8951744811322195e-8
-4.845093051850796e-8
-4.0417770302489386e-8
-4.086031534390049e-9
1.1665006641181643e-8
7.243922818360454e-9
-4.5372995464975265e-10
-2.790431890761761e-9
-1.2269650898586915e-9
4.0342445009618307e-10
6.51154529601872e-10
0.10967311665793932
0.02579848986576247
-0.0032483805168642345
-0.005577572925376573
-0.0018992885445367697
0.00026690931430015975
0.000545058777242727
0.0002003446337872014
-3.4950222090923515e-5
-6.774341081124471e-5
-2.430958852400484e-5
6.200729266082894e-6
9.827259675249632e-6
3.1420873627951984e-6
-1.29284137697196e-6
-1.5846399727056926e-6
-4.009055974696363e-7
2.912392969623735e-7
2.7308330983978266e-7
4.309803990076855e-8
-6.794863847904738e-8
-4.840831202210238e-8
-1.2234668005268937e-9
1.602358213129153e-8
8.425741743201019e-9
-1.4627914860301161e-9
-3.745022358631626e-9
-1.3297998101983003e-9
7.155218015313476e-10
0.10916990045629349
0.02572378685291454
-0.003611529303276677
-0.005854065931870233
-0.0019421598254355313
0.0003353508578238726
0.0005983127927134367
0.00020843881682167283
-4.729230822063e-5
-7.701887513448386e-5
-2.5397335719399682e-5
8.585864412621533e-6
1.1449459208002534e-5
3.2230418200466723e-6
-1.7860224645355888e-6
-1.8709636083634115e-6
-3.840424954316274e-7
3.9805419897731564e-7
3.228022973521174e-7
3.143812519340595e-8
-9.160291716044793e-8
-5.641331177327552e-8
3.2428273738158666e-9
2.124493415044126e-8
9.436039090718537e-9
-2.9035498831649132e-9
-4.858065389203622e-9
-1.3423769327002286e-9
0.1086576737890035
0.025628738160928685
-0.003972680097379106
-0.006121853480391638
-0.0019772039537750935
0.00040812269719466
0.0006520065211202842
0.00021489250128443535
-6.108625298552935e-5
-8.662658630837795e-5
-2.611210866757148e-5
1.1341899432391195e-5
1.3153869693619327e-5
3.209087686796737e-6
-2.3668332539135244e-6
-2.1713815275409276e-6
-3.414711047321044e-7
5.247620325100205e-7
3.7365695954461736e-7
1.2692402314058753e-8
-1.195687221030791e-7
-6.398170714072544e-8
9.639964645112911e-9
2.7324879614196834e-8
1.0133440292611694e-8
-4.853320659852868e-9
-6.112009876507069e-9
0.1081385627344734
0.02551620286483678
-0.004330770357533624
-0.006380673317505026
-0.0020046266197595677
0.0004848326571789026
0.0007058365692102497
0.00021959805915557767
-7.629289563484704e-5
-9.648420502990753e-5
-2.6403210041070838e-5
1.447177778597826e-5
1.491980045670218e-5
3.083836121377942e-6
-3.037535339072122e-6
-2.4801874961635773e-6
-2.684612979784312e-7
6.718951804859931e-7
4.2392940902266304e-7
-1.4416930184390803e-8
-1.5187129950855418e-7
-7.057860011184974e-8
1.8289346657813397e-8
3.4217346956293804e-8
1.0353366031263042e-8
-7.384357167390807e-9
0.10761444188203836
0.025388699963484633
-0.004684909658401449
-0.006630366109777783
-0.0020246770373825752
0.0005650908244078223
0.0007595228410758412
0.00022247130462963415
-9.286049627836145e-5
-0.00010650845976066005
-2.6225046435509464e-5
1.7973530955913905e-5
1.67248090711088e-5
2.8317660358059826e-6
-3.798888101196052e-6
-2.790930628242781e-6
-1.604304498059246e-7
8.395320978543678e-7
4.7165110423838604e-7
-5.1128333641499235e-8
-1.8839305068827177e-7
-7.559381365491357e-8
2.9494430275728465e-8
4.183011038073558e-8
9.911025465215747e-9
0.10708695755356575
0.025248446571619367
-0.005034359665062426
-0.006870859683831264
-0.0020376371303204976
0.0006485148751228268
0.0008128095097484174
0.00022344995216349792
-0.00011072687642166767
-0.00011661658621395579
-2.5537505515588546e-5
2.1840614246773637e-5
1.854518796997641e-5
2.4384914628621662e-6
-4.65015430913332e-6
-3.096548577002575e-6
-1.304801233335362e-8
1.0272794132527528e-6
5.146395256026884e-7
-9.860493292711695e-8
-2.2886496900559312e-7
-7.835316264897082e-8
4.352871265697958e-8
5.002201465903387e-8
0.10655755014265342
0.025097392270563304
-0.005378515621126308
-0.007102154923658441
-0.0020438123043863424
0.0007347341920845938
0.0008654652857148495
0.00022249185830781892
-0.0001298214505159965
-0.00012672754353770972
-2.4306156324528823e-5
2.6062309437776057e-5
2.0356429051610232e-5
1.890975830651579e-6
-5.589142925854598e-6
-3.389507447888737e-6
1.776723659082585e-7
1.2342677018686298e-6
5.505398527640689e-7
-1.579012729734924e-7
-2.728626818858321e-7
-7.813186527644221e-8
6.06244016519566e-8
0.1060274752154689
0.024937249895865526
-0.005716889450399539
-0.007324313291266617
-0.0020435236722923505
0.0008233929412152282
0.0009172831353668615
0.00021957314652691021
-0.00015006711053432327
-0.00013676301429867838
-2.2502299181559934e-5
3.062417044314911e-5
2.2133655422557945e-5
1.1776943420367712e-6
-6.6122826443857756e-6
-3.6619430806381585e-6
4.1529476428563945e-7
1.4591596614201112e-6
5.768697723736034e-7
-2.2993375243706434e-7
-3.1980691480079213e-7
-7.41694908950803e-8
0.10549782316260323
0.024769523042332993
-0.00604909448764896
-0.007537445888934477
-0.0020371015819382185
0.0009141522698990307
0.0009680795819328389
0.00021468629291510576
-0.0001713819406258853
-0.00014664820192567332
-2.01028913260539e-5
3.5508491675740994e-5
2.38520129474491e-5
2.887474433704407e-7
-7.714719679487204e-6
-3.905799239107307e-6
7.028977172566514e-7
1.700169124253554e-6
5.910656998070184e-7
-3.154553840975337e-7
-3.689680452429287e-7
0.10496953729934916
0.02459553056540796
-0.006374831796103148
-0.007741703952480535
-0.0020248802962148653
0.0010066917754787616
0.0010176937010839254
0.00020783823210712704
-0.00019368075069673123
-0.00015631244335954616
-1.7090373041450568e-5
4.069478238807881e-5
2.5487017267327645e-5
-7.840704191870321e-7
-8.890433656634722e-6
-4.112959149761304e-6
1.0430258297827182e-6
1.955089172768436e-6
5.905288859023003e-7
-4.150352759064569e-7
0.10444343038981727
0.02441642835183009
-0.00669387799152334
-0.007937270649874463
-0.002007193676619141
0.0011007103767255166
0.0010659859042336855
0.00019904852690419026
-0.00021687642669164593
-0.00016568965682794802
-1.3452416843525493e-5
4.6160233665225324e-5
2.7014854383944736e-5
-2.04724181838378e-6
-1.0132365943643064e-5
-4.275367694702817e-6
1.4376558119214928e-6
2.221327571097226e-6
5.72670118762618e-7
0.10392019962468402
0.024233228622164427
-0.007006074469895141
-0.008124354054260449
-0.001984371732009031
0.001195926704567714
0.001112836585191645
0.0001883476321110148
-0.00024088110185722055
-0.00017471864540029238
-9.181619788879933e-6
5.18801678438117e-5
2.8412634839330107e-5
-3.505531849876762e-6
-1.1432555418794128e-5
-4.385142356381813e-6
1.8881760629366109e-6
2.4959477617141953e-6
0.10340044011861799
0.02404681701397029
-0.007311317923996446
-0.008303181161897617
-0.001956737905524184
0.0012920791122189423
0.0011581446905625547
0.00017577527256650865
-0.0002656071577906682
-0.00018334327668121392
-4.275156268035649e-6
5.782846285723289e-5
2.965860295902954e-5
-5.162022777685667e-6
-1.2782277356806945e-5
-4.434671703360712e-6
2.3953786432092854e-6
0.10288465701603322
0.023857967678175294
-0.007609552030088824
-0.008473992831307802
-0.0019246069856018154
0.00138892538970258
0.0012018262611483883
0.00016137894706294011
-0.0002909680670008241
-0.00019151255800260605
1.2655939930844317e-6
6.3977946335221e-5
3.0732303676442984e-5
-7.01817263825621e-6
-1.4172181822586885e-5
-4.416700797922703e-6
0.10237327630638964
0.023667356603600087
-0.007900760187316747
-0.008637039528338945
-0.0018882835401533898
0.0014862422540047238
0.0012438129805514308
0.0001452125634594641
-0.00031687909042106457
-0.0001991806250334995
7.4354305159694155e-6
7.030075622697885e-5
3.1614710150713184e-5
-9.073892936686751e-6
-1.55924286400288e-5
0.10186665445561811
0.02347557336638779
-0.008184959197255084
-0.008792577771657146
-0.001848060785659519
0.0015838246738515637
0.0012840507579843193
0.0001273352054935794
-0.0003432578440800994
-0.00020630666003513767
1.422571932378279e-5
7.676866629059099e-5
3.228831581219714e-5
-1.1327640980077077e-5
0.1013650869605545
0.023283131482993394
-0.008462193778035797
-0.00894086718351436
-0.0018042198148389233
0.0016814850774254468
0.0013224983647976741
0.00010781002829487951
-0.0003700247492324193
-0.0002128547541952766
2.1624775005905512e-5
8.335337603803356e-5
3.273719466921753e-5
0.10086881593019598
0.02309047752786143
-0.008732531815676025
-0.009082168060920883
-0.001757029117398884
0.0017790524821476728
0.0013591261381905963
8.670327714791683e-5
-0.0003971033798599242
-0.00021879372668007178
2.9618231523321853e-5
9.00267656840438e-5
0.10037803679232132
0.022897999160295418
-0.00899606026389507
-0.009216739392202536
-0.0017067443381185697
0.001876371577847825
0.0013939147607724468
6.408342241981742e-5
-0.0004244207207422271
-0.00022409691131415694
3.818939722291919e-5
0.0998929042174761
0.022706032189510682
-0.009252881612405256
-0.00934483725312326
-0.0016536082251292948
0.0019733017880757867
0.0014268541208914353
4.0020402576868e-5
-0.00045190734837446343
-0.00022874192018566594
0.09941353734512451
0.022514866792568877
-0.009503110852068071
-0.009466713525180819
-0.0015978507287872082
0.0020697163288463287
0.001457942255759126
1.458496670849103e-5
-0.00047949754598363445
0.09894002438937106
0.022324752986859535
-0.009746872873235123
-0.009582614886292088
-0.001539689218056543
0.002165501279592894
0.0014871843772176266
-1.2151892165291547e-5
0.09847242669435863
0.022135905447007588
-0.009984300240933474
-0.009692782030877712
-0.0014793287869308794
0.0022605546774118533
0.001514591978390069
0.0980107823024511
0.021948507745497996
-0.01021553129726181
-0.009797449082366032
-0.0014169626282060396
0.0023547856426782065
0.09755510909172747
0.021762716086849543
-0.010440708547420775
-0.009896843166415313
-0.0013527724559851883
0.09710540753322203
0.02157866259675767
-0.010659977291233243
-0.009991184117763941
0.09666166311276018
0.021396458220170587
-0.010873484466843332
0.09622384845717469
0.021216195275678557
0.09579192520012293
