1.22405215360636
2.6020852139652106e-18
-0.3665474544605486
1.734723475976807e-18
0.19932041293432734
1.734723475976807e-18
-0.12745990689901657
-3.469446951953614e-18
0.08814411197865424
-3.469446951953614e-18
-0.06387803488246505
0.0
0.04777064664808346
3.469446951953614e-18
-0.03654439899367988
1.3877787807814457e-17
0.028441377523666163
6.938893903907228e-18
-0.022436521409008873
0.0
0.017894157213942826
-1.3877787807814457e-17
-0.014401038293948
0.0
0.011678315521514823
-1.3877787807814457e-17
-0.009532072464278112
0.0
0.007824067251834321
1.3877787807814457e-17
-0.00645368024959201
0.0
0.005346375042273442
0.0
-0.004446098100282722
0.0
0.0037101420878377783
-4.163336342344337e-17
-0.003105595811015164
1.3877787807814457e-17
0.0026068423298713055
-1.3877787807814457e-17
-0.0021937651688074752
1.3877787807814457e-17
0.0018504424561286668
6.938893903907228e-18
-0.0015641832634569822
0.0
0.0013248077615934783
1.3877787807814457e-17
-0.001124103582035827
0.0
0.0009554111686004615
3.469446951953614e-18
-0.0008133046624496706
-1.0408340855860843e-17
0.0006933442964930491
6.938893903907228e-18
-0.0005918828378298664
0.0
0.0005059132449055492
1.734723475976807e-18
-0.00043294801050701177
-3.469446951953614e-18
0.00037092304831470467
-3.469446951953614e-18
-0.0003181207227690216
0.0
0.00027310790611233
3.469446951953614e-18
-0.00023468590168384098
3.469446951953614e-18
0.00020184978916348417
-3.469446951953614e-18
-0.00017375528934852977
0.705675772254918
-2.6020852139652106e-18
-0.2362379886420548
-3.469446951953614e-18
0.1334822580592443
-8.673617379884035e-18
-0.08791801857915263
-1.734723475976807e-18
0.062432253251687046
3.469446951953614e-18
-0.04637709984056951
0.0
0.035502895511820384
-3.469446951953614e-18
-0.027770338605016633
6.938893903907228e-18
0.0220767050608595
2.0816681711721685e-17
-0.017773425605567935
0.0
0.014454472958578546
-6.938893903907228e-18
-0.011853125252677125
-6.938893903907228e-18
0.009787354107239693
-6.938893903907228e-18
-0.008129029049877445
6.938893903907228e-18
0.0067856290969606214
-3.469446951953614e-18
-0.005688906525513726
0.0
0.004787602219715439
0.0
-0.004042618557733739
1.3877787807814457e-17
0.0034237349689982943
0.0
-0.0029073210969574118
0.0
0.00247471209332481
6.938893903907228e-18
-0.002111033584964981
0.0
0.0018043383142190422
-6.938893903907228e-18
-0.001544962772623332
6.938893903907228e-18
0.001325041675018077
-3.469446951953614e-18
-0.001138137362297488
-3.469446951953614e-18
0.0009789540115727434
-1.0408340855860843e-17
-0.0008431151901053891
6.938893903907228e-18
0.0007269892469948394
3.469446951953614e-18
-0.0006275511987433643
0.0
0.0005422727132903876
1.734723475976807e-18
-0.0004690339127476307
-3.469446951953614e-18
0.00040605225121169994
0.0
-0.0003518248517227272
-1.734723475976807e-18
0.00030508152276460115
-3.469446951953614e-18
-0.00026474630085791947
0.0
0.0002299058387591835
-1.734723475976807e-18
0.675532697913418
0.0
-0.2639778017553114
1.734723475976807e-18
0.15684626554172443
0.0
-0.10572452754300667
0.0
0.07600741389996044
-6.938893903907228e-18
-0.05686420004412375
0.0
0.043720420272185055
2.7755575615628914e-17
-0.03429336728380654
-1.3877787807814457e-17
0.02731375477528061
-6.938893903907228e-18
-0.022019741058401394
6.938893903907228e-18
0.01792723178223545
1.3877787807814457e-17
-0.014714724134812198
0.0
0.01216104024833646
-5.204170427930421e-18
-0.010109586810505406
1.734723475976807e-18
0.008446822165959059
-9.75781955236954e-19
-0.007088751999668703
1.951563910473908e-18
0.005972169012955532
0.0
-0.005048803689284696
0.0
0.004281320251944429
6.938893903907228e-18
-0.0036405155438369464
0.0
0.0031033216690062454
0.0
-0.0026513574916992196
6.938893903907228e-18
0.0022698622453574298
-6.938893903907228e-18
-0.0019468998047162643
6.938893903907228e-18
0.0016727576851750768
0.0
-0.001439488121548451
6.938893903907228e-18
0.0012405541438949043
0.0
-0.0010705541536722603
0.0
0.0009250058169098501
3.469446951953614e-18
-0.0008001752175452433
6.938893903907228e-18
0.000692940855704669
3.469446951953614e-18
-0.0006006846945553696
0.0
0.0005212043642140651
-1.734723475976807e-18
-0.0004526420314104086
-3.469446951953614e-18
0.00039342648301279
-1.734723475976807e-18
-0.0003422257501835878
1.734723475976807e-18
0.0002979081882532289
0.5636048981178694
0.0
-0.22796756803879478
0.0
0.1387239591590555
3.469446951953614e-18
-0.09532605752818564
6.938893903907228e-18
0.06968146028147734
-1.3877787807814457e-17
-0.05291336228064669
-6.938893903907228e-18
0.04123907892476932
2.0816681711721685e-17
-0.03275533471840909
-1.3877787807814457e-17
0.02639532308664553
0.0
-0.021513613361796222
0.0
0.017696768472185494
-4.336808689942018e-19
-0.014667957746616092
-3.469446951953614e-18
0.012235147301251005
0.0
-0.010261228672848295
-1.734723475976807e-18
0.008645939980444137
2.168404344971009e-19
-0.0073144746449965
-1.734723475976807e-18
0.006210055829734976
1.734723475976807e-18
-0.005288953290993791
-1.734723475976807e-18
0.004517054201674886
2.8189256484623115e-18
-0.0038674510302988668
-3.469446951953614e-18
0.0033187117819397007
0.0
-0.002853618197287312
1.0408340855860843e-17
0.0024582311999178513
0.0
-0.002121189228276043
-6.938893903907228e-18
0.0018331749284569623
0.0
-0.0015865053061787666
6.938893903907228e-18
0.0013748135892659701
0.0
-0.0011928000234165091
-1.0408340855860843e-17
0.0010360350415902237
0.0
-0.0009008026198078674
3.469446951953614e-18
0.0007839747486946737
-3.469446951953614e-18
-0.0006829101992570277
0.0
0.0005953724033457902
1.734723475976807e-18
-0.0005194624808336559
-1.734723475976807e-18
0.0004535643484651422
0.0
-0.00039629952452061327
0.0
0.5373408910731144
0.0
-0.23152041183640937
0.0
0.14475634483190053
1.3877787807814457e-17
-0.10099445309112134
0.0
0.07454675092716595
6.938893903907228e-18
-0.05699569809377561
1.3877787807814457e-17
0.04465023267539427
6.938893903907228e-18
-0.035611690448001235
-3.469446951953614e-18
0.028797510999917543
3.469446951953614e-18
-0.02354397367456919
8.131516293641283e-19
0.019421483396914237
-1.5178830414797062e-18
-0.016140026032995358
-1.734723475976807e-18
0.013497112249523971
-3.469446951953614e-18
-0.011347416383016973
0.0
0.009584221560108417
3.469446951953614e-18
-0.00812763210332633
0.0
0.006916836291368837
0.0
-0.005904883739887793
-1.0842021724855044e-18
0.005055073820965464
0.0
-0.004338404802079586
4.336808689942018e-19
0.003731738303904242
-1.734723475976807e-18
-0.0032164564802144155
3.469446951953614e-18
0.0027774650605585822
3.469446951953614e-18
-0.0024024433129192137
6.938893903907228e-18
0.0020812729986995036
0.0
-0.001805598884540547
1.3877787807814457e-17
0.0015684871693304615
6.938893903907228e-18
-0.001364157628420135
6.938893903907228e-18
0.0011877718433340439
3.469446951953614e-18
-0.0010352645162084416
-3.469446951953614e-18
0.0009032081772520897
-6.938893903907228e-18
-0.0007887039868021513
3.469446951953614e-18
0.0006892930840027706
-3.469446951953614e-18
-0.0006028842278291502
-5.204170427930421e-18
0.0005276944416273436
1.734723475976807e-18
-0.0004622000993841219
0.48762337842176107
6.938893903907228e-18
-0.21491322451125694
-6.938893903907228e-18
0.13664550890923227
-1.3877787807814457e-17
-0.09663664488630515
6.938893903907228e-18
0.07215812948671194
-1.3877787807814457e-17
-0.055732034054690134
3.469446951953614e-18
0.044059791171574866
-3.469446951953614e-18
-0.03543363729762167
-1.3010426069826053e-18
0.028873440425170073
8.673617379884035e-19
-0.023774330597768817
2.168404344971009e-18
0.01974225525783175
-1.734723475976807e-18
-0.016509482488161253
-1.734723475976807e-18
0.01388789263941738
0.0
-0.011741626959581312
-2.168404344971009e-18
0.009970304512731242
-8.673617379884035e-19
-0.008498316720882915
-8.673617379884035e-18
0.00726777153234652
1.734723475976807e-18
-0.006233710983253594
8.673617379884035e-19
0.005360790154524628
-2.168404344971009e-19
-0.00462092159600214
8.673617379884035e-19
0.003991573075827322
-1.5178830414797062e-18
-0.003454516919250843
8.673617379884035e-19
0.0029948974575162435
-1.734723475976807e-18
-0.002600526396411368
0.0
0.0022613440027649326
3.469446951953614e-18
-0.0019690026118594026
-1.3877787807814457e-17
0.0017165415135254342
6.938893903907228e-18
-0.0014981308919035565
0.0
0.001308868500960552
6.938893903907228e-18
-0.0011446170055195923
6.938893903907228e-18
0.0010018729608239352
-3.469446951953614e-18
-0.0008776606106319076
6.938893903907228e-18
0.000769445302458027
3.469446951953614e-18
-0.0006750625181630564
-1.0408340855860843e-17
0.0005926594158414608
1.734723475976807e-18
0.466838818445212
-6.938893903907228e-18
-0.21294838882340728
-6.938893903907228e-18
0.13775685795608705
0.0
-0.09850252490829861
-1.3877787807814457e-17
0.07413299621417431
0.0
-0.05760625014446327
5.204170427930421e-18
0.04576805413201124
2.168404344971009e-19
-0.0369638246081018
-5.421010862427522e-19
0.03023351361200631
0.0
-0.024979258995485844
3.469446951953614e-18
0.020808641020885334
-3.469446951953614e-18
-0.01745336546310791
-1.734723475976807e-18
0.014723924894426782
4.336808689942018e-19
-0.012482846475975008
-2.6020852139652106e-18
0.010628166214515056
1.3010426069826053e-18
-0.00908282558514865
1.734723475976807e-18
0.007787646994312891
5.204170427930421e-18
-0.00669655112361107
-3.469446951953614e-18
0.005773222660627244
-3.469446951953614e-18
-0.004988737182030562
-2.6020852139652106e-18
0.004319841024033092
-4.336808689942018e-19
-0.003747684097868669
-8.673617379884035e-19
0.003256872766442093
-1.734723475976807e-18
-0.0028347526739428783
0.0
0.002470859284728135
0.0
-0.002156492409946996
0.0
0.0018843835400747713
6.938893903907228e-18
-0.0016484334337315363
6.938893903907228e-18
0.0014435034467490775
1.3877787807814457e-17
-0.001265248362130789
-6.938893903907228e-18
0.0011099815522502485
-1.3877787807814457e-17
-0.0009745655358773288
3.469446951953614e-18
0.0008563226319193377
6.938893903907228e-18
-0.0007529616286126792
3.469446951953614e-18
0.0006625172988669412
0.43815839796389006
0.0
-0.20331899761009636
6.938893903907228e-18
0.13318542958326593
0.0
-0.09620187218759997
-3.469446951953614e-18
0.07302496803744041
-4.336808689942018e-19
-0.057172135310670016
-8.673617379884035e-19
0.04572818478585117
5.421010862427522e-19
-0.0371565427447019
3.469446951953614e-18
0.030561050413187185
0.0
-0.025380722607308705
8.673617379884035e-19
0.02124543947846836
-1.3010426069826053e-18
-0.017900866885013876
1.734723475976807e-18
0.015166465498123408
-8.673617379884035e-19
-0.012910633797895765
0.0
0.01103530225189623
8.673617379884035e-19
-0.009466015446459896
-4.336808689942018e-18
0.008145339615936453
8.673617379884035e-19
-0.007028359078217232
0.0
0.006079526011207042
-1.734723475976807e-18
-0.005270410840037227
1.734723475976807e-18
0.004578066209711086
-8.673617379884035e-19
-0.003983817775217535
0.0
0.003472357443242486
-2.6020852139652106e-18
-0.003031054528809681
-3.469446951953614e-18
0.0026494262899067794
0.0
-0.0023187266222528266
-3.469446951953614e-18
0.0020316234464051123
1.0408340855860843e-17
-0.0017819434251920303
0.0
0.0015644683271503236
0.0
-0.001374771384631393
6.938893903907228e-18
0.0012090848971446364
-1.3877787807814457e-17
-0.001064192443594925
6.938893903907228e-18
0.0009373406228830794
3.469446951953614e-18
-0.000826166399682954
-3.469446951953614e-18
0.42170101304334195
6.938893903907228e-18
-0.20000353170013577
6.938893903907228e-18
0.1326250409287627
0.0
-0.09661462731771821
-3.2526065174565133e-19
0.07381662035422878
8.673617379884035e-19
-0.05809843176526891
1.734723475976807e-18
0.04667862074682426
1.734723475976807e-18
-0.03807923564582209
1.734723475976807e-18
0.03143204661485703
8.673617379884035e-19
-0.026190085168048764
4.336808689942018e-19
0.02199047108357601
4.336808689942018e-19
-0.018582633061763415
-8.673617379884035e-19
0.01578794347687201
3.469446951953614e-18
-0.013475701890089535
3.469446951953614e-18
0.011548180561815261
8.673617379884035e-19
-0.009930956174277163
0.0
0.008566458489852762
1.3010426069826053e-18
-0.007409547831692685
0.0
0.006424411795046371
-3.469446951953614e-18
-0.005582342817678064
-1.734723475976807e-18
0.0048601177209535865
-5.204170427930421e-18
-0.00423879716268262
-3.469446951953614e-18
0.003702823409718166
8.673617379884035e-19
-0.0032393335516385426
2.6020852139652106e-18
0.0028376306211744546
-3.469446951953614e-18
-0.0024887720150512595
-1.734723475976807e-18
0.002185246122381682
-6.938893903907228e-18
-0.001920716028780467
-6.938893903907228e-18
0.0016898147526702547
3.469446951953614e-18
-0.0014879804476381113
-6.938893903907228e-18
0.0013113228718695863
-1.3877787807814457e-17
-0.001156514517038472
6.938893903907228e-18
0.0010207013312611563
3.469446951953614e-18
-0.0009014291196407526
0.40256976889883683
0.0
-0.1935384448535159
1.734723475976807e-18
0.12959584541739538
-1.0842021724855044e-18
-0.09515538718848787
-8.673617379884035e-19
0.07319005682460297
3.469446951953614e-18
-0.057943630961682
0.0
0.04679847975805676
-1.734723475976807e-18
-0.03835878369591044
-8.673617379884035e-19
0.03180133400263946
0.0
-0.026605405464768195
6.505213034913027e-19
0.022424111789311817
0.0
-0.019016956460787944
0.0
0.01621181590804601
-4.336808689942018e-19
-0.013882264121060138
5.204170427930421e-18
0.011933416520992106
-3.469446951953614e-18
-0.010292753440695069
8.673617379884035e-19
0.008903980418324624
1.734723475976807e-18
-0.0077228079430310525
-5.204170427930421e-18
0.006713982125873719
-1.734723475976807e-18
-0.005849152523877072
0.0
0.005105313374691556
1.734723475976807e-18
-0.004463645734745081
-3.469446951953614e-18
0.00390864508154757
-5.204170427930421e-18
-0.0034274555396471
-5.204170427930421e-18
0.003009355890906187
-5.204170427930421e-18
-0.0026453585884035984
3.469446951953614e-18
0.002327893934442016
-1.734723475976807e-18
-0.0020505591616474203
0.0
0.0018079174851872949
3.469446951953614e-18
-0.0015953359935861368
-1.3877787807814457e-17
0.0014088539892503967
-3.469446951953614e-18
-0.0012450753944990602
-6.938893903907228e-18
0.0011010803197431512
-2.0816681711721685e-17
0.38932494555041375
1.734723475976807e-18
-0.19006790707400256
4.336808689942018e-19
0.12845548304882393
-2.168404344971009e-19
-0.09496353801134944
0.0
0.07344199385587391
3.469446951953614e-18
-0.05841045650540656
8.673617379884035e-19
0.04736452202545585
1.3010426069826053e-18
-0.03896190578102361
0.0
0.032407064493376096
0.0
-0.027194464760165325
-1.734723475976807e-18
0.022985927586064908
8.673617379884035e-19
-0.019546098079519257
-2.8189256484623115e-18
0.01670594676531558
4.336808689942018e-19
-0.01434092524849932
-4.336808689942018e-19
0.012357284208517911
0.0
-0.010683176750462849
-1.734723475976807e-18
0.009262688668193715
-1.734723475976807e-18
-0.008051723906586868
4.336808689942018e-19
0.007015102311277812
2.6020852139652106e-18
-0.0061244707238288275
2.6020852139652106e-18
0.005356772502817186
-1.734723475976807e-18
-0.004693108340385661
0.0
0.0041178762818682504
3.469446951953614e-18
-0.003618114231400357
8.673617379884035e-19
0.0031829914744584144
1.734723475976807e-18
-0.002803411334512628
-1.214306433183765e-17
0.002471697720735048
-6.938893903907228e-18
-0.0021813457068748238
0.0
0.0019268214820504304
0.0
-0.001703400728150453
1.3877787807814457e-17
0.0015070371645368999
3.469446951953614e-18
-0.0013342549661636604
-1.0408340855860843e-17
0.0011820602150471125
0.37533715788392574
2.168404344971009e-18
-0.18527306023736628
6.505213034913027e-19
0.12620045261065016
-5.204170427930421e-18
-0.09389183518000035
-1.734723475976807e-18
0.07300813079231142
0.0
-0.058342693867478236
0.0
0.04751210202841179
4.336808689942018e-19
-0.03923564797973093
1.734723475976807e-18
0.03275201486495854
-8.673617379884035e-19
-0.027575875378197442
-1.734723475976807e-18
0.023381510409018876
8.673617379884035e-19
-0.019941500900517137
0.0
0.017091995540845298
-4.336808689942018e-19
-0.014711885273677023
-1.734723475976807e-18
0.012709733456225801
3.469446951953614e-18
-0.0110152595568561
-2.6020852139652106e-18
0.009573612429242607
1.734723475976807e-18
-0.00834141474216927
-2.168404344971009e-18
0.0072839668229767555
8.673617379884035e-19
-0.006373229778978416
8.673617379884035e-19
0.005586344634306307
-8.673617379884035e-19
-0.004904527749733518
0.0
0.004312235226985113
-6.938893903907228e-18
-0.003796522744906155
6.938893903907228e-18
0.0033465494821074233
0.0
-0.0029531896897638625
-5.204170427930421e-18
0.0026087256699833016
-6.938893903907228e-18
-0.0023066029974195346
-1.734723475976807e-18
0.0020412338175349095
-1.734723475976807e-18
-0.0018078376275650282
-3.469446951953614e-18
0.0016023115336894897
-3.469446951953614e-18
-0.001421123873863019
3.469446951953614e-18
0.3644750093745054
0.0
-0.18200814316303
-1.734723475976807e-18
0.12489075928665261
0.0
-0.09344234938244733
-2.168404344971009e-19
0.07299671660469018
2.6020852139652106e-18
-0.05856693152021167
1.734723475976807e-18
0.04786366402271696
1.734723475976807e-18
-0.03965268979672887
8.673617379884035e-19
0.03319780644043946
1.3010426069826053e-18
-0.028028117393669998
0.0
0.0238265726422009
0.0
-0.020371134631194415
0.0
0.017501373713512923
-8.673617379884035e-19
-0.015098392759526017
4.336808689942018e-19
0.013072199023540676
-1.734723475976807e-18
-0.011353457024413198
4.336808689942018e-19
0.00988793066004047
-1.734723475976807e-18
-0.008632636164647507
1.734723475976807e-18
0.007553117187855477
-5.204170427930421e-18
-0.006621475520113867
-2.6020852139652106e-18
0.005814922532077358
-3.469446951953614e-18
-0.005114696798953945
8.673617379884035e-19
0.004505243932028725
1.0408340855860843e-17
-0.003973587224884816
8.673617379884035e-18
0.0035088391986092538
-1.734723475976807e-18
-0.003101818570752369
-3.469446951953614e-18
0.0027447470587696208
5.204170427930421e-18
-0.0024310073082277383
0.0
0.0021549480954651465
3.469446951953614e-18
-0.0019117264341420607
-5.204170427930421e-18
0.001697178738475488
3.469446951953614e-18
-0.0015077150471881472
0.35360083144338184
5.204170427930421e-18
-0.17820372332242712
-3.469446951953614e-18
0.1230730900230102
-8.673617379884035e-19
-0.09256895142428442
8.673617379884035e-19
0.07264207905112821
-8.673617379884035e-19
-0.05851553937616879
1.734723475976807e-18
0.047993979114585306
2.168404344971009e-19
-0.039891666191820864
-8.673617379884035e-19
0.033499723819311336
-4.336808689942018e-19
-0.028363605074206336
-1.734723475976807e-18
0.024176474534822738
-8.673617379884035e-19
-0.020722885106851385
-4.336808689942018e-19
0.01784676381675928
8.673617379884035e-19
-0.015432146327182514
2.168404344971009e-18
0.013391040129998871
-5.637851296924623e-18
-0.011655485566355598
6.071532165918825e-18
0.010172196627886505
-1.734723475976807e-18
-0.008898845064451042
1.734723475976807e-18
0.0078014237822867614
-4.336808689942018e-18
-0.006852338074423104
1.734723475976807e-18
0.0060289991267058075
-3.469446951953614e-18
-0.005312771262573628
-3.469446951953614e-18
0.004688172858283451
1.734723475976807e-18
-0.004142262134082925
-5.204170427930421e-18
0.0036641596606625136
3.469446951953614e-18
-0.003244673308920227
0.0
0.0028760008898224346
-1.734723475976807e-18
-0.002551492362621836
-1.734723475976807e-18
0.002265458179205156
-8.673617379884035e-19
-0.0020130136942665315
1.734723475976807e-18
0.001789952011710084
3.469446951953614e-18
0.344529888696568
1.734723475976807e-18
-0.17523560072897615
-6.505213034913027e-19
0.1217555028586306
4.336808689942018e-19
-0.09201444150554872
3.469446951953614e-18
0.07249647166130924
1.734723475976807e-18
-0.05860275370437312
-8.673617379884035e-19
0.04821629714727117
-3.469446951953614e-18
-0.0401912041386113
4.336808689942018e-19
0.03384074912682532
0.0
-0.028723484174993822
8.673617379884035e-19
0.02454067257683514
1.3010426069826053e-18
-0.021082043749757463
0.0
0.01819491740950875
1.734723475976807e-18
-0.01576559457526195
8.673617379884035e-19
0.01370761532812351
0.0
-0.011954065192012904
3.469446951953614e-18
0.010452372938127777
0.0
-0.009160697630094333
-1.734723475976807e-18
0.00804536093560744
8.673617379884035e-18
-0.007078985331308445
-5.204170427930421e-18
0.0062391201316718695
3.469446951953614e-18
-0.0055072115560256705
-8.673617379884035e-18
0.0048678198445482705
-8.673617379884035e-18
-0.0043080166625142505
5.204170427930421e-18
0.0038169159985235483
-1.734723475976807e-18
-0.00338530521704752
5.204170427930421e-18
0.003005352157169277
-5.204170427930421e-18
-0.0026703706078878777
-1.3010426069826053e-18
0.0023746310483363604
-1.734723475976807e-18
-0.0021132068123627433
0.0
0.0018818482141523315
0.33570849130290725
1.734723475976807e-18
-0.17207597288424692
-8.673617379884035e-19
0.12021227560482162
8.673617379884035e-19
-0.09125428386745474
-1.734723475976807e-18
0.07217492333099368
-4.336808689942018e-19
-0.058542713639998564
-2.168404344971009e-18
0.048316323076972575
1.3010426069826053e-18
-0.04038936307945826
2.6020852139652106e-18
0.03409765395842185
-4.336808689942018e-19
-0.029013410978600794
0.0
0.024846543847519394
0.0
-0.021392433269100543
-2.6020852139652106e-18
0.018502184400873
3.469446951953614e-18
-0.01606468163288989
1.734723475976807e-18
0.013995252684241517
8.673617379884035e-19
-0.012228232134323202
1.734723475976807e-18
0.010711926534817718
5.204170427930421e-18
-0.009405112888508406
-5.204170427930421e-18
0.008274546681713593
-3.469446951953614e-18
-0.0072931524381368296
3.469446951953614e-18
0.006438686483462579
5.204170427930421e-18
-0.005692733127541538
-3.469446951953614e-18
0.005039940554662769
-1.0408340855860843e-17
-0.00446743185533355
0.0
0.003964345897483875
-3.469446951953614e-18
-0.003521475727316539
5.204170427930421e-18
0.00313098111206212
-1.734723475976807e-18
-0.002786158065057587
0.0
0.002481252606650418
-4.336808689942018e-19
-0.002211309184453024
1.3010426069826053e-18
0.3280077791662338
2.168404344971009e-19
-0.16940509939511236
0.0
0.11894909405365237
8.673617379884035e-19
-0.09066484652572526
-8.673617379884035e-19
0.0719593474274505
2.168404344971009e-19
-0.058548093970877305
2.6020852139652106e-18
0.048455609477057224
-8.673617379884035e-19
-0.04060965191110563
2.6020852139652106e-18
0.034365419397724056
8.673617379884035e-19
-0.02930682104505042
-1.734723475976807e-18
0.025151143977688334
3.469446951953614e-18
-0.0216985806912049
0.0
0.01880345542331028
-2.6020852139652106e-18
-0.016356848209572082
4.336808689942018e-18
0.014275606129212099
8.673617379884035e-19
-0.012495125833843249
8.673617379884035e-18
0.010964460790609087
-6.938893903907228e-18
-0.009642914256158493
-1.3877787807814457e-17
0.008497611447892885
-6.938893903907228e-18
-0.007501734419181213
0.0
0.006633215931836847
-3.469446951953614e-18
-0.005873757770226582
-6.938893903907228e-18
0.005208082564254092
-3.469446951953614e-18
-0.004623356408579365
0.0
0.004108738234830496
8.673617379884035e-19
-0.0036550244949050473
3.469446951953614e-18
0.0032543663742936072
0.0
-0.002900042805316293
0.0
0.0025862768413357335
8.673617379884035e-19
-0.0023080860380760605
0.32062958454197044
0.0
-0.16669771606157108
2.6020852139652106e-18
0.11759449837966124
2.6020852139652106e-18
-0.08997723783779132
6.505213034913027e-19
0.07165223132303883
1.734723475976807e-18
-0.058472217286135636
1.3010426069826053e-18
0.04852426527649529
-2.6020852139652106e-18
-0.04076912770103694
-4.336808689942018e-19
0.03458104103100535
2.6020852139652106e-18
-0.029555586026791016
-8.673617379884035e-19
0.025417523613624454
3.469446951953614e-18
-0.021971990236454214
-2.6020852139652106e-18
0.019076662824714645
3.469446951953614e-18
-0.01662493886300015
5.204170427930421e-18
0.01453529076575851
-1.734723475976807e-18
-0.012744267343150959
5.204170427930421e-18
0.011201744673246718
-6.938893903907228e-18
-0.009867615539195844
-3.469446951953614e-18
0.008709427701268816
1.214306433183765e-17
-0.007700664859967369
3.469446951953614e-18
0.006819473150865901
3.469446951953614e-18
-0.0060477028554521
1.734723475976807e-18
0.005370177197937041
3.0357660829594124e-18
-0.004774127402301504
-7.589415207398531e-19
0.004248751257649585
2.168404344971009e-19
-0.003784864646828348
0.0
0.003374623888533663
-1.734723475976807e-18
-0.003011302612590397
-1.734723475976807e-18
0.002689111053540292
-8.673617379884035e-19
0.3139961262355523
-4.336808689942018e-18
-0.16429598680159063
0.0
0.11640678295496258
4.336808689942018e-19
-0.08938571608604973
0.0
0.07140023635196319
0.0
-0.0584264234801721
-1.3010426069826053e-18
0.048607306138524264
4.336808689942018e-19
-0.040933070592404766
-1.734723475976807e-18
0.03479490990663071
0.0
-0.029798794774155007
0.0
0.02567614172081277
-2.6020852139652106e-18
-0.02223649501345064
8.673617379884035e-19
0.019340526222951272
-1.734723475976807e-18
-0.01688370788159978
-1.734723475976807e-18
0.014785972128869531
-6.938893903907228e-18
-0.012984906215712681
-5.204170427930421e-18
0.011431130669713074
0.0
-0.010085074265966965
-3.469446951953614e-18
0.008914670967925996
0.0
-0.007893681855758498
0.0
0.007000450672644586
2.6020852139652106e-18
-0.006216966419909476
-5.204170427930421e-18
0.005528147346666592
0.0
-0.00492128717485861
-1.3010426069826053e-18
0.004385621948616903
0.0
-0.003911987755708763
8.673617379884035e-19
0.0034925477298384583
3.469446951953614e-18
-0.0031205724519395234
0.0
0.002790261923102465
0.30768364283521443
-8.673617379884035e-19
-0.16192478860431295
2.3852447794681098e-18
0.11519184695114329
-1.734723475976807e-18
-0.08874994785179033
-3.0357660829594124e-18
0.0711004201275688
-2.6020852139652106e-18
-0.05833440157342908
3.903127820947816e-18
0.048647691831176884
8.673617379884035e-19
-0.0410585509050372
2.168404344971009e-18
0.03497452640953974
3.469446951953614e-18
-0.03001171770158062
3.469446951953614e-18
0.02590809560557155
0.0
-0.0224775870920926
-5.204170427930421e-18
0.019583868920779193
6.938893903907228e-18
-0.01712451480889708
-1.214306433183765e-17
0.015020948332092905
1.734723475976807e-18
-0.013211827537532219
5.204170427930421e-18
0.011648548084866511
1.734723475976807e-18
-0.010292102780344634
-5.204170427930421e-18
0.009110836902521239
-3.469446951953614e-18
-0.008078811150414224
-4.336808689942018e-19
0.007174586450406049
0.0
-0.006380307703185163
0.0
0.005681003243015343
2.6020852139652106e-18
-0.0050640424931602725
0.0
0.0045187113371225884
2.6020852139652106e-18
-0.0040358762432698165
8.673617379884035e-19
0.0036077161107140442
1.734723475976807e-18
-0.0032275063552263707
-6.938893903907228e-18
0.30189602867678866
2.168404344971009e-19
-0.15975795458174114
8.673617379884035e-19
0.11408330703898634
0.0
-0.08817162859004782
2.6020852139652106e-18
0.07083026363934562
-1.734723475976807e-18
-0.058255412914286486
2.168404344971009e-18
0.04869096216334981
8.673617379884035e-19
-0.041180734322507864
-3.469446951953614e-18
0.035147174234786985
4.336808689942018e-18
-0.030215618674037145
2.6020852139652106e-18
0.0261300275733262
-3.469446951953614e-18
-0.022708342791087206
-6.938893903907228e-18
0.01981700244898519
6.938893903907228e-18
-0.01735551775981613
1.0408340855860843e-17
0.015246693004245495
-3.469446951953614e-18
-0.01343018190772809
5.204170427930421e-18
0.011858104421194234
-5.204170427930421e-18
-0.010491983262577173
8.673617379884035e-19
0.009300552508424712
8.673617379884035e-19
-0.008258158046478377
-7.589415207398531e-19
0.007343569201818629
2.168404344971009e-19
-0.006539081924559473
-2.168404344971009e-18
0.005829832510823606
2.6020852139652106e-18
-0.00520326583119987
-2.6020852139652106e-18
0.004648718613171197
0.0
-0.004157089533228611
0.0
0.003720575595670815
1.3010426069826053e-18
-0.0033324596823297212
0.29640096204166066
8.673617379884035e-19
-0.15764803516976983
-2.168404344971009e-18
0.1129778420967994
-2.168404344971009e-18
-0.08757639103447726
0.0
0.0705354372164646
1.734723475976807e-18
-0.05814935644156498
0.0
0.048707285653112595
-8.673617379884035e-19
-0.04127728902399967
-6.938893903907228e-18
0.035296048377595764
-5.204170427930421e-18
-0.030397795560012073
0.0
0.02633229978262314
1.734723475976807e-18
-0.022921424540764224
-5.204170427930421e-18
0.020034323442472694
-3.469446951953614e-18
-0.017572425623470826
0.0
0.015459911131270123
-1.734723475976807e-18
-0.013637432463618562
0.0
0.01205784119895771
-8.673617379884035e-19
-0.010683199353563422
8.673617379884035e-19
0.009482639972113483
-2.6020852139652106e-18
-0.008430804360273617
8.673617379884035e-19
0.007506680126844924
4.336808689942018e-19
-0.006692723599942815
-4.336808689942018e-19
0.0059741877108358986
0.0
-0.005338600763404866
-2.6020852139652106e-18
0.004775357634342354
3.469446951953614e-18
-0.00427539586085119
-1.0842021724855044e-19
0.003830936591612432
-1.0842021724855044e-19
0.2912946989426619
-4.336808689942018e-19
-0.1556835698968147
1.3010426069826053e-18
0.11194510978503855
-3.469446951953614e-18
-0.08701804150469188
-8.673617379884035e-19
0.07025740197616426
-1.3010426069826053e-18
-0.0580482443412685
-8.673617379884035e-19
0.04872146700511365
-8.673617379884035e-19
-0.04136751408305487
0.0
0.03543622797955889
-1.734723475976807e-18
-0.030570079344431053
-1.734723475976807e-18
0.02652423168565317
-1.734723475976807e-18
-0.023124200869613705
-6.938893903907228e-18
0.020241678079480324
0.0
-0.017779891401836785
-1.734723475976807e-18
0.015664316563391917
0.0
-0.013836550852340201
-8.673617379884035e-19
0.0122501412584287
4.336808689942018e-19
-0.010867665093558288
6.505213034913027e-19
0.00965863882390363
0.0
-0.008597989504691187
-1.734723475976807e-18
0.007664917449707005
-1.3010426069826053e-18
-0.006842036623430918
1.734723475976807e-18
0.006114715804257204
-2.6020852139652106e-18
-0.005470567268437518
-2.6020852139652106e-18
0.004899045462236193
-1.734723475976807e-18
-0.004391128767550654
-4.336808689942018e-19
0.0039390647989297305
0.28644553224743985
0.0
-0.1537836760393751
2.6020852139652106e-18
0.11092911432263146
-1.734723475976807e-18
-0.08645661968876656
-1.734723475976807e-18
0.06996719078149743
1.734723475976807e-18
-0.05793086447718361
-1.734723475976807e-18
0.048717859932899565
2.6020852139652106e-18
-0.04143980564581699
-3.469446951953614e-18
0.03555907111661222
5.204170427930421e-18
-0.03072601307778719
-1.3877787807814457e-17
0.026700986730144274
3.469446951953614e-18
-0.023313041947095624
-3.469446951953614e-18
0.020436338100598167
-3.469446951953614e-18
-0.01797586207169677
2.6020852139652106e-18
0.015858362883126545
-8.673617379884035e-19
-0.01402637116737794
-4.336808689942018e-19
0.012434124643930435
1.3010426069826053e-18
-0.011044715410132397
2.168404344971009e-19
0.009828045380170836
1.734723475976807e-18
-0.008759330880687236
8.673617379884035e-19
0.007817989279836159
0.0
-0.006986796926110809
-3.0357660829594124e-18
0.006251243315847508
-8.673617379884035e-19
-0.005599029517159611
-8.673617379884035e-19
0.005019674205697069
-8.673617379884035e-19
-0.004504201043541878
-8.673617379884035e-19
0.2818963790841058
-1.734723475976807e-18
-0.1519931380488872
1.734723475976807e-18
0.10996625353285593
-8.673617379884035e-19
-0.08592080074529168
-1.734723475976807e-18
0.06968723209205663
-5.204170427930421e-18
-0.05781475222094649
-3.469446951953614e-18
0.04871020410186331
5.204170427930421e-18
-0.041504964465756654
1.734723475976807e-18
0.035673099686134926
-1.734723475976807e-18
-0.030872346236029156
-3.469446951953614e-18
0.026867930603501282
-5.204170427930421e-18
-0.023492228583182485
5.204170427930421e-18
0.020621730118556676
6.938893903907228e-18
-0.018163088780025267
8.673617379884035e-19
0.016044264846762066
8.673617379884035e-19
-0.014208680471820572
-8.673617379884035e-19
0.012611236061591095
-2.168404344971009e-19
-0.01121551994787853
4.336808689942018e-19
0.009991807526899482
1.734723475976807e-18
-0.008915597018142042
8.673617379884035e-19
0.007966518664276914
-8.673617379884035e-19
-0.007127509242103645
1.734723475976807e-18
0.006384178545236413
-9.75781955236954e-19
-0.005724317058016261
8.673617379884035e-19
0.005137509005122376
0.0
-0.004614825093670316
0.2775697985417865
-3.469446951953614e-18
-0.15026644980225914
-2.6020852139652106e-18
0.10902559949464326
7.806255641895632e-18
-0.08538881794428105
0.0
0.06940194961175247
-2.6020852139652106e-18
-0.057688651712009084
5.204170427930421e-18
0.04869031559065341
3.469446951953614e-18
-0.041557017505095425
8.673617379884035e-18
0.03577394525175975
1.734723475976807e-18
-0.03100588187376841
-3.469446951953614e-18
0.027022725137469145
0.0
-0.023660053770728474
-1.3010426069826053e-18
0.02079661158360358
-4.336808689942018e-19
-0.018340670767734803
8.673617379884035e-19
0.016221372912089554
-6.505213034913027e-19
-0.01438301340758543
-4.336808689942018e-19
0.012781144663990497
-4.336808689942018e-19
-0.011379845551614325
-1.734723475976807e-18
0.010149762533619267
-3.0357660829594124e-18
-0.009066675457019665
-4.336808689942018e-19
0.008110428565323742
0.0
-0.007264121069079331
0.0
0.0065134855952284805
4.336808689942018e-19
-0.005846404873356392
-6.505213034913027e-19
0.00525253163725677
1.734723475976807e-18
0.2734824074479618
1.734723475976807e-18
-0.14862578135177643
-4.336808689942018e-18
0.10812607926088039
-5.204170427930421e-18
-0.08487600598845163
5.204170427930421e-18
0.06912358810396091
1.734723475976807e-18
-0.05756230246534989
6.938893903907228e-18
0.04866594327881117
-3.469446951953614e-18
-0.04160214294419272
-1.734723475976807e-18
0.035866548333323214
-1.734723475976807e-18
-0.03113058392874902
6.938893903907228e-18
0.027168561523091897
-2.168404344971009e-18
-0.023819095052812357
-6.505213034913027e-19
0.020963070794418743
-8.673617379884035e-19
-0.018510304654872578
-3.2526065174565133e-19
0.016391068821988944
0.0
-0.014550497546620994
0.0
0.012944772046356776
-4.336808689942018e-18
-0.011538446273162539
-4.336808689942018e-19
0.01030252769724014
8.673617379884035e-19
-0.00921307151492701
-1.0842021724855044e-19
0.008250132346643704
-8.673617379884035e-19
-0.007396970072327855
0.0
0.006639439682793035
-1.0842021724855044e-18
-0.005965516574618281
-4.336808689942018e-19
0.005364923013784706
0.26958680348714703
0.0
-0.1470447742210454
-6.938893903907228e-18
0.10725023810902273
-5.204170427930421e-18
-0.08437033332418106
-6.938893903907228e-18
0.06884370954058856
-5.204170427930421e-18
-0.057429736355312164
-5.204170427930421e-18
0.04863285109808395
-1.734723475976807e-18
-0.041637334249743196
3.469446951953614e-18
0.03594878180944784
5.204170427930421e-18
-0.03124495697861515
8.673617379884035e-19
0.027304398876857018
-4.336808689942018e-19
-0.02396863840532705
-2.168404344971009e-19
0.021120628075322584
-8.673617379884035e-19
-0.018671677856374455
4.336808689942018e-19
0.01655315810215506
-2.168404344971009e-18
-0.014711020856378461
1.3010426069826053e-18
0.013102062687521721
2.168404344971009e-18
-0.011691304321044906
-4.336808689942018e-19
0.010450109432666034
3.7947076036992655e-19
-0.00935480616102716
2.168404344971009e-19
0.008385658728246618
0.0
-0.007526088011776309
-2.6020852139652106e-18
0.0067620724286163985
-8.673617379884035e-19
-0.006081681579453858
2.168404344971009e-19
0.26588688481402056
-8.673617379884035e-18
-0.1455338848140041
0.0
0.1064077643480475
-8.673617379884035e-18
-0.0838799880198644
0.0
0.0685690496894126
-5.204170427930421e-18
-0.05729644184907629
-5.204170427930421e-18
0.048595498717658156
0.0
-0.041666216133165006
2.6020852139652106e-18
0.036023596944719016
-4.336808689942018e-19
-0.031351409872140634
-4.336808689942018e-19
0.027432208673653605
1.5178830414797062e-18
-0.024110301735202788
-2.168404344971009e-18
0.021270614567261238
0.0
-0.018825888066065187
-1.734723475976807e-18
0.016708547671123432
0.0
-0.01486533375195713
6.505213034913027e-19
0.013253638136430112
2.168404344971009e-19
-0.01183893476243831
8.673617379884035e-19
0.010592934537006663
-4.336808689942018e-19
-0.009492232806516539
4.336808689942018e-19
0.008517299954530532
-1.734723475976807e-18
-0.007651716039892099
-8.673617379884035e-19
0.006881582234642396
1.734723475976807e-18
-0.0061950624725025764
0.26235233977027117
1.734723475976807e-18
-0.1440773137844059
0.0
0.10558854810773485
0.0
-0.08339820392323025
8.673617379884035e-18
0.0682950051517909
-3.469446951953614e-18
-0.0571592727121322
1.734723475976807e-18
0.04855174275091929
-2.6020852139652106e-18
-0.04168734342426847
-1.3010426069826053e-18
0.03609003739707992
0.0
-0.031449328830340635
2.168404344971009e-19
0.027551616425091685
4.336808689942018e-19
-0.024243876424238024
8.673617379884035e-19
0.02141293512431526
-4.336808689942018e-19
-0.01897291617308497
4.336808689942018e-18
0.016857267745718746
-1.734723475976807e-18
-0.015013496808973199
-2.168404344971009e-19
0.013399575960164847
4.336808689942018e-19
-0.011981422850966861
4.336808689942018e-19
0.010731089591973096
-1.3010426069826053e-18
-0.009625435135988368
-8.673617379884035e-19
0.008645134126122118
0.0
-0.007773925088538157
-4.336808689942018e-19
0.0069980320607989635
-8.673617379884035e-19
0.2589811843956856
1.734723475976807e-18
-0.1426794774908431
3.469446951953614e-18
0.10479737745468751
3.469446951953614e-18
-0.08292931379539567
-6.938893903907228e-18
0.06802530214022168
-3.469446951953614e-18
-0.05702137090393912
1.734723475976807e-18
0.04850421086458176
3.0357660829594124e-18
-0.04170290703971592
-1.3010426069826053e-18
0.036149929054311566
0.0
-0.031540236745940614
-1.5178830414797062e-18
0.027663894077719374
8.673617379884035e-19
-0.024370426511534447
-2.168404344971009e-18
0.021548481232008504
4.336808689942018e-19
-0.019113510087632582
-1.3010426069826053e-18
0.016999946424112455
8.673617379884035e-19
-0.015156037840715529
-4.336808689942018e-19
0.013540319782357604
2.168404344971009e-19
-0.012119141335438916
0.0
0.010864887529879939
1.734723475976807e-18
-0.009754675486903206
-8.673617379884035e-19
0.008769380706728405
2.710505431213761e-19
-0.007892898237657618
-3.2526065174565133e-19
0.007111574078582775
0.25575312739766987
1.734723475976807e-18
-0.14133051886296455
1.734723475976807e-18
0.10402820611762574
-5.204170427930421e-18
-0.08246942874947419
1.734723475976807e-18
0.06775740975166106
8.673617379884035e-19
-0.05688109897669927
1.5178830414797062e-18
0.04845186618151061
1.0842021724855044e-18
-0.04171227767357952
0.0
0.03620291958688039
6.505213034913027e-19
-0.03162396841912972
-2.6020852139652106e-18
0.027769001117880658
-1.3010426069826053e-18
-0.024489992538412404
-3.469446951953614e-18
0.021677343962537645
-1.3010426069826053e-18
-0.01924779011813152
-4.336808689942018e-19
0.017136718503469754
-1.3010426069826053e-18
-0.015293096051776572
4.336808689942018e-19
0.01367600646659348
-3.0357660829594124e-18
-0.012252220369869301
-6.505213034913027e-19
0.010994449120913656
8.673617379884035e-19
-0.009880063770179269
-2.168404344971009e-18
0.00889013811217717
-2.168404344971009e-19
-0.008008722351010827
0.0
0.2526637231767871
5.204170427930421e-18
-0.14003178414225637
8.673617379884035e-18
0.1032832273608136
0.0
-0.08202079206708113
-1.734723475976807e-18
0.06749339523826547
-8.673617379884035e-19
-0.05674028740678819
0.0
0.04839630004192874
4.336808689942018e-19
-0.04171682628111291
-2.168404344971009e-19
0.036250184749057765
-1.3010426069826053e-18
-0.03170153000770881
2.6020852139652106e-18
0.02786779775749121
-2.168404344971009e-18
-0.024603309685941953
-8.673617379884035e-19
0.02180015156214827
6.505213034913027e-19
-0.019376293059638214
-6.505213034913027e-19
0.017268042506694094
-1.5178830414797062e-18
-0.015425062889983103
8.673617379884035e-19
0.01380696990106709
-1.0842021724855044e-18
-0.012380944381076585
8.673617379884035e-19
0.011120016237661606
-2.168404344971009e-19
-0.01000180521034743
1.734723475976807e-18
0.009007579982649727
4.336808689942018e-19
-0.008121543837234447
0.24969875405416844
-3.469446951953614e-18
-0.13877683853173617
0.0
0.10255868043765434
-2.6020852139652106e-18
-0.0815811038138684
1.734723475976807e-18
0.06723185302455251
1.4094628242311558e-18
-0.05659810409776245
2.168404344971009e-18
0.04833705555523909
-4.336808689942018e-19
-0.04171634277245334
1.734723475976807e-18
0.036291675760941465
-5.637851296924623e-18
-0.03177297617520196
8.673617379884035e-19
0.027960402583795594
8.673617379884035e-19
-0.02471053339762216
4.336808689942018e-19
0.021917077844396775
-4.336808689942018e-19
-0.019499198585753663
-4.336808689942018e-19
0.0173940956475078
-1.0842021724855044e-18
-0.015552107737082215
0.0
0.01393336833764434
1.3010426069826053e-18
-0.012505458647732032
2.168404344971009e-19
0.01124172035473055
2.168404344971009e-19
-0.0101200173427058
-8.673617379884035e-19
0.009121810247028978
0.0
0.24685299360413437
-1.734723475976807e-18
-0.13756551538134926
-1.3010426069826053e-18
0.10185539597131774
2.6020852139652106e-18
-0.08115147273432158
-1.1655173354219173e-18
0.06697392819319412
4.336808689942018e-19
-0.0564556366614748
-2.168404344971009e-18
0.04827512745969559
4.336808689942018e-19
-0.04171171912417123
8.673617379884035e-19
0.03632818344848618
2.168404344971009e-19
-0.03183900323240508
1.3010426069826053e-18
0.02804742593540515
0.0
-0.024812196973743157
-6.505213034913027e-19
0.02202858767450952
0.0
-0.01961691108175636
-3.0357660829594124e-18
0.0175152290268017
-4.336808689942018e-19
-0.015674534837601624
2.168404344971009e-19
0.014055464866390126
-8.673617379884035e-19
-0.012625990143526947
-4.336808689942018e-19
0.011359756772108053
3.2526065174565133e-19
-0.010234867707814973
1.3010426069826053e-18
0.009232972134534407
0.24411604223017158
-2.168404344971009e-18
-0.13639340489544594
-2.168404344971009e-18
0.10117092384534995
8.673617379884035e-19
-0.08073048675686867
-8.673617379884035e-19
0.06671882825270059
4.336808689942018e-19
-0.0563124801135948
0.0
0.048210357342949886
4.336808689942018e-19
-0.04170295361351156
-1.5178830414797062e-18
0.03635980381067572
-2.168404344971009e-19
-0.03189976559174673
0.0
0.02812905424706777
5.421010862427522e-19
-0.024908501160280594
8.673617379884035e-19
0.022134884322539836
-4.336808689942018e-19
-0.019729628639359252
8.673617379884035e-19
0.01763163068884191
-6.505213034913027e-19
-0.01579251928831804
-1.0842021724855044e-18
0.014173420101933547
1.734723475976807e-18
-0.012742684406413348
-1.3010426069826053e-18
0.011474255995322386
1.3010426069826053e-18
-0.010346472247515493
-6.505213034913027e-19
0.2414826875170828
-1.734723475976807e-18
-0.13525964117421602
3.2526065174565133e-19
0.10050539257151922
6.505213034913027e-19
-0.08031863983758153
4.336808689942018e-19
0.06646718161348358
0.0
-0.056169294964044825
-4.7704895589362195e-18
0.04814338940173668
8.673617379884035e-19
-0.04169065133712392
1.0842021724855044e-19
0.036387093066245615
-1.0842021724855044e-18
-0.03195576763940208
-4.336808689942018e-19
0.028205740718798604
-8.673617379884035e-19
-0.02499985047360128
-8.673617379884035e-19
0.0222363270123627
1.5178830414797062e-18
-0.01983766892763905
8.673617379884035e-19
0.017743580529260727
2.168404344971009e-19
-0.01590630687068218
2.168404344971009e-19
0.014287449162472822
4.336808689942018e-19
-0.012855729093982606
2.6020852139652106e-18
0.011585381162610216
-1.3010426069826053e-18
-0.010454972262758265
0.23894502528855852
0.0
-0.13416105134691464
4.336808689942018e-19
0.09985712160337343
-8.673617379884035e-19
-0.07991502308642602
4.336808689942018e-19
0.06621853054288032
-4.336808689942018e-19
-0.05602589971451748
0.0
0.04807421353554735
3.2526065174565133e-19
-0.041674907516761645
-1.3010426069826053e-18
0.03641020890666488
0.0
-0.03200720131915606
0.0
0.028277692868750363
-1.3010426069826053e-18
-0.025086455691540114
3.2526065174565133e-19
0.022333121778614975
8.673617379884035e-19
-0.0199412281863842
-6.505213034913027e-19
0.017851261971890485
-8.673617379884035e-19
-0.016016066569342326
-6.505213034913027e-19
0.01439770592828786
-2.168404344971009e-19
-0.012965262966594096
1.734723475976807e-18
0.011693256330972275
-2.168404344971009e-19
0.2364982039165451
-8.673617379884035e-19
-0.13309649077609842
1.3010426069826053e-18
0.09922589130733117
-4.336808689942018e-19
-0.0795197999299499
-8.673617379884035e-19
0.06597321182268451
-4.336808689942018e-19
-0.055882705087767666
-1.1926223897340549e-18
0.04800326296863332
-1.0842021724855044e-19
-0.041656150306871656
-1.3010426069826053e-18
0.03642955967344608
8.673617379884035e-19
-0.032054447642469557
4.336808689942018e-19
0.02834526104529396
4.336808689942018e-19
-0.025168635619141042
-4.336808689942018e-19
0.022425556436655558
-2.168404344971009e-19
-0.020040564614659
-1.734723475976807e-18
0.01795490541649196
-1.734723475976807e-18
-0.016122003012876182
4.336808689942018e-19
0.014504371352127168
-5.421010862427522e-19
-0.013071445375359335
-2.6020852139652106e-18
0.011798021249718684
0.23413601656533242
-2.168404344971009e-18
-0.13206357036367378
-4.336808689942018e-19
0.09861048638331635
-2.6020852139652106e-18
-0.07913235184941361
-4.336808689942018e-19
0.06573095076478741
6.505213034913027e-19
-0.05573964365751248
6.505213034913027e-19
0.04793059639615946
0.0
-0.041634513772097766
-4.336808689942018e-19
0.036445322128363544
1.0842021724855044e-18
-0.032097704724716764
4.336808689942018e-19
0.028408650722735743
-1.5178830414797062e-18
-0.025246593976271492
-2.168404344971009e-18
0.022513827133048857
0.0
-0.02013586321277673
0.0
0.01805468268265489
-4.336808689942018e-19
-0.01622427385924517
0.0
0.01460758866659714
2.168404344971009e-18
-0.013174405345570022
-4.336808689942018e-19
0.23185409648463273
-4.7704895589362195e-18
-0.13106107916567933
-1.3010426069826053e-18
0.09801052779062944
-2.168404344971009e-18
-0.07875266767975783
-2.168404344971009e-19
0.06549191844387808
-5.421010862427522e-20
-0.05559697714019293
-4.336808689942018e-19
0.0478565164583761
-4.336808689942018e-19
-0.04161031319600579
2.168404344971009e-19
0.036457807825892544
0.0
-0.03213727098555145
4.336808689942018e-19
0.02846814199550774
-2.168404344971009e-19
-0.02532058994615
2.168404344971009e-18
0.02259817117960018
-2.168404344971009e-19
-0.020227339475617244
-8.673617379884035e-19
0.018150788127969227
8.673617379884035e-19
-0.016323053381496068
-1.734723475976807e-18
0.01470751332137509
2.2768245622195593e-18
-0.013274280865020471
0.22964743726077602
3.0357660829594124e-18
-0.13008714536760813
1.3010426069826053e-18
0.09742509163713987
-1.3010426069826053e-18
-0.07838030050846145
-1.1926223897340549e-18
0.06525594037660361
1.734723475976807e-18
-0.055454693748860154
-2.168404344971009e-18
0.04778110917021984
1.0842021724855044e-19
-0.0415836919528839
0.0
0.03646719154893459
-4.336808689942018e-19
-0.03217333572170257
8.673617379884035e-19
0.02852392764281341
8.673617379884035e-19
-0.025390812648781683
1.4094628242311558e-18
0.022678769518416395
-2.168404344971009e-19
-0.020315163435658916
8.673617379884035e-19
0.018243379366895768
2.168404344971009e-19
-0.016418486104773068
1.3010426069826053e-18
0.0148042766500737
4.336808689942018e-19
0.2275121742400597
1.3010426069826053e-18
-0.12914059435313516
0.0
0.09685373890898105
1.5178830414797062e-18
-0.07801515018254701
1.3010426069826053e-18
0.06502309297047824
1.951563910473908e-18
-0.05531296425796263
6.505213034913027e-19
0.04770459372235175
4.336808689942018e-19
-0.04155489060312537
-6.505213034913027e-19
0.03647371890714003
1.5178830414797062e-18
-0.03220613969537654
1.734723475976807e-18
0.028576237671338447
-7.589415207398531e-19
-0.025457477964025026
1.4094628242311558e-18
0.022755822168556615
0.0
-0.02039951858090516
-8.673617379884035e-19
0.01833262337579796
1.0842021724855044e-18
-0.01651072295483598
-4.336808689942018e-19
0.014898014263962337
0.22544418138402855
0.0
-0.12821991068734628
-6.505213034913027e-19
0.09629573595401494
-1.734723475976807e-18
-0.07765687444429077
-4.336808689942018e-19
0.06479325671335717
-4.336808689942018e-19
-0.05517180169572661
1.5178830414797062e-18
0.04762706241154399
4.336808689942018e-19
-0.041524047526217134
-6.505213034913027e-19
0.036477553064292914
-2.168404344971009e-19
-0.03223585698197448
-2.168404344971009e-19
0.02862524800552361
-1.6263032587282567e-18
-0.02552075779723856
8.673617379884035e-19
0.02282949330587957
8.673617379884035e-19
-0.020480559120403682
0.0
0.01841866317063607
1.3010426069826053e-18
-0.01659989522213364
1.0842021724855044e-18
0.2234400655320145
-1.951563910473908e-18
-0.12732400130046428
8.673617379884035e-19
0.09575063494090764
-1.3010426069826053e-18
-0.07730533102319895
8.673617379884035e-19
0.06456645376318682
8.673617379884035e-19
-0.055031319876004875
-8.673617379884035e-19
0.04754867920106706
-8.673617379884035e-19
-0.04149135185127234
2.168404344971009e-19
0.036478892844908295
0.0
-0.03226268641979982
-4.336808689942018e-19
0.028671151472554588
8.673617379884035e-19
-0.025580835309159233
1.5178830414797062e-18
0.022899954330809394
4.336808689942018e-19
-0.02055844363917235
0.0
0.018501644158752065
6.505213034913027e-19
-0.01668613523381987
0.22149636749939589
-2.6020852139652106e-18
-0.12645160696294266
-3.0357660829594124e-18
0.09521783222107924
0.0
-0.07696024410297114
-5.421010862427522e-19
0.06434259492723707
-4.336808689942018e-19
-0.054891540739718955
4.336808689942018e-19
0.04746953254193226
-4.336808689942018e-19
-0.041456930686713946
0.0
0.03647788609066104
-1.734723475976807e-18
-0.032286784869732216
2.168404344971009e-19
0.02871410626959798
-4.336808689942018e-19
-0.025637865034930582
-4.336808689942018e-19
0.022967352937685617
1.3010426069826053e-18
-0.020633311059213302
-8.673617379884035e-19
0.01858169541833675
1.1926223897340549e-18
0.2196101167846558
-6.505213034913027e-19
-0.12560173189096335
4.336808689942018e-19
0.0946968962879274
-2.168404344971009e-19
-0.07662145476170297
-1.0842021724855044e-18
0.06412167131230556
-4.336808689942018e-19
-0.054752541394291074
0.0
0.04738974848908152
-5.421010862427522e-20
-0.04142093637232271
-8.673617379884035e-19
0.03647469713763614
-4.336808689942018e-19
-0.032308319530750265
8.673617379884035e-19
0.02875427662222168
2.6020852139652106e-18
-0.0256920045556606
4.336808689942018e-19
0.02303183783982297
1.6263032587282567e-19
-0.020705299981545494
-1.734723475976807e-18
0.01865894485877298
0.21777837349710766
-8.673617379884035e-19
-0.12477330849818397
4.336808689942018e-19
0.09418731661421464
-1.3010426069826053e-18
-0.07628873146109223
-4.336808689942018e-19
0.0639036106668042
-2.168404344971009e-19
-0.05461434480998928
6.505213034913027e-19
0.047309407270415604
-2.168404344971009e-18
-0.041383482614608766
4.336808689942018e-19
0.03646945780171394
2.168404344971009e-19
-0.03232743023150797
-1.3010426069826053e-18
0.028791803708633996
2.168404344971009e-19
-0.02574339203119469
1.0842021724855044e-18
0.0230935413734554
1.734723475976807e-18
-0.020774535190268346
-2.6020852139652106e-18
0.21599853707764743
-1.8431436932253575e-18
-0.12396543940158455
-3.2526065174565133e-19
0.09368868926091513
-4.336808689942018e-19
-0.07596191224333308
1.0842021724855044e-18
0.0636883864845307
5.421010862427522e-19
-0.054477003720193776
0.0
0.04722860796574986
-1.1926223897340549e-18
-0.041344694474535676
-2.168404344971009e-19
0.03646230610924571
-4.336808689942018e-19
-0.032344259512680704
-1.0842021724855044e-19
0.028826829080231355
5.421010862427522e-19
-0.025792164475572373
0.0
0.02315259378921143
3.2526065174565133e-18
-0.02084113885133943
0.21426808145664406
-1.4094628242311558e-18
-0.1231772054563403
-2.168404344971009e-18
0.09320057347110813
-4.336808689942018e-19
-0.07564079671725796
-5.421010862427522e-19
0.06347593624562722
-4.336808689942018e-19
-0.05434053850335509
-8.673617379884035e-19
0.047147421163928095
1.3010426069826053e-18
-0.04130467218699546
8.673617379884035e-19
0.03645335857942992
5.421010862427522e-19
-0.032358931345293995
1.0842021724855044e-18
0.0288594782876923
0.0
-0.025838445134676993
5.421010862427522e-19
0.023209113503815194
-1.3010426069826053e-18
0.2125847259437318
-4.336808689942018e-19
-0.12240780200732125
0.0
0.09272259681103084
8.673617379884035e-19
-0.0753252269447688
1.3010426069826053e-18
0.06326622368940038
-4.336808689942018e-19
-0.0542049852140509
0.0
0.047065926092789256
-8.673617379884035e-19
-0.04126351993295242
-1.0842021724855044e-18
0.03644273257450262
0.0
-0.03237156853440426
1.3010426069826053e-18
0.028889874464904496
1.1926223897340549e-18
-0.025882354112887564
2.168404344971009e-18
0.023263215431300627
0.2109462805307879
1.951563910473908e-18
-0.12165642830313961
-1.0842021724855044e-18
0.09225437293062722
4.336808689942018e-19
-0.07501502568060908
6.505213034913027e-19
0.06305919218279729
0.0
-0.054070360239091717
-2.168404344971009e-19
0.046984183748987204
6.505213034913027e-19
-0.041221325359112077
-1.3010426069826053e-18
0.03643053065504566
0.0
-0.032382280744744044
4.336808689942018e-19
0.028918129147535436
0.0
-0.025924001321588234
1.734723475976807e-18
0.20935073954763772
6.505213034913027e-19
-0.12092236402640746
-8.673617379884035e-19
0.0917955611149374
-1.3010426069826053e-18
-0.07471004244251885
-4.336808689942018e-19
0.06285480034992036
8.673617379884035e-19
-0.053936687889483075
1.0299920638612292e-18
0.04690225830828983
2.6020852139652106e-18
-0.041178176229442684
1.3010426069826053e-18
0.0364168535615169
1.4094628242311558e-18
-0.032391174645653706
3.469446951953614e-18
0.028944350220157386
-1.3010426069826053e-18
-0.02596349271906534
0.20779619012930506
1.3010426069826053e-18
-0.1202049051174333
-2.168404344971009e-19
0.09134581888130791
-2.168404344971009e-18
-0.07441011807638159
1.1926223897340549e-18
0.06265299542298838
2.710505431213761e-19
-0.05380398027923549
-8.673617379884035e-19
0.04682020188863678
4.336808689942018e-19
-0.041134148860300535
4.336808689942018e-19
0.03640179142006668
-4.336808689942018e-19
-0.03239834721341259
-4.336808689942018e-19
0.028968636808602018
7.589415207398531e-19
0.20628086265857137
1.0842021724855044e-18
-0.11950340654447465
1.3010426069826053e-18
0.09090483565554303
-4.336808689942018e-19
-0.07411511101065915
-1.0299920638612292e-18
0.06245373367380007
-8.673617379884035e-19
-0.0536722532358857
-1.3010426069826053e-18
0.046738066960846564
-2.168404344971009e-19
-0.041089317821965315
0.0
0.036385431344279046
2.168404344971009e-19
-0.03240389170231213
8.673617379884035e-19
0.02899108398170886
0.20480307571010964
-1.3010426069826053e-18
-0.11881724471157432
-3.2526065174565133e-19
0.09047230527779238
-9.215718466126788e-19
-0.07382487684549752
-2.168404344971009e-18
0.06225696515620399
-4.336808689942018e-19
-0.05354151484833837
-1.734723475976807e-18
0.04665589772943404
1.3010426069826053e-18
-0.04104374943957871
2.0599841277224584e-18
0.036367852528555886
1.734723475976807e-18
-0.03240789393731269
1.734723475976807e-18
0.20336126240463925
2.168404344971009e-18
-0.11814584114333912
1.1926223897340549e-18
0.09004794497506735
-1.734723475976807e-18
-0.07353928330731098
6.505213034913027e-19
0.06206264544646088
-1.3010426069826053e-18
-0.05341177468093784
-4.336808689942018e-19
0.0465737373728464
1.3010426069826053e-18
-0.04099750749354987
4.336808689942018e-18
0.03634913074665358
-3.469446951953614e-18
-0.03241043587300317
0.20195393659665917
-4.336808689942018e-19
-0.11748864019687229
-3.0357660829594124e-18
0.08963147928629045
-5.421010862427522e-19
-0.07325819843536219
-1.734723475976807e-18
0.06187072689215675
2.168404344971009e-18
-0.05328303726392683
5.421010862427522e-19
0.04649162319055951
-4.336808689942018e-19
-0.04095064959809212
2.168404344971009e-18
0.0363293356489444
-1.951563910473908e-18
0.20057970589445995
4.336808689942018e-19
-0.11684512197038266
-8.673617379884035e-19
0.08922265067551496
-2.168404344971009e-18
-0.07298149908267043
8.673617379884035e-19
0.061681165370582276
-3.903127820947816e-18
-0.05315530745662071
8.673617379884035e-19
0.04640959086120895
-4.336808689942018e-18
-0.04090323058752547
-1.3010426069826053e-18
0.03630853346135963
0.19923725034989057
1.8431436932253575e-18
-0.11621478887785364
-8.673617379884035e-19
0.08882121003370197
-1.3010426069826053e-18
-0.07270906403629965
3.2526065174565133e-18
0.061493915260127194
-1.734723475976807e-18
-0.05302858675762176
-8.673617379884035e-19
0.04632767173223047
8.673617379884035e-19
-0.040855300526968924
-2.6020852139652106e-18
0.1979253281857049
8.673617379884035e-19
-0.1155971724919022
2.6020852139652106e-18
0.0884269225420356
-2.8189256484623115e-18
-0.0724407788284922
-1.734723475976807e-18
0.06130893333623539
1.734723475976807e-18
-0.05290287644585598
-4.336808689942018e-19
0.046245895350296495
2.6020852139652106e-18
-0.040806906752840134
0.1966427619405099
-4.336808689942018e-19
-0.11499182528859739
-2.6020852139652106e-18
0.08803956197985752
-2.6020852139652106e-18
-0.07217653169680313
6.505213034913027e-19
0.06112617587562417
2.6020852139652106e-18
-0.05277817549935154
0.0
0.04616428796782751
-4.336808689942018e-19
0.19538844028824898
4.336808689942018e-19
-0.11439832409594408
-6.938893903907228e-18
0.08765891389426683
-4.336808689942018e-19
-0.07191621628477426
-1.3010426069826053e-18
0.06094560090387796
1.734723475976807e-18
-0.05265448244901655
1.734723475976807e-18
0.04608287406708314
0.1941613087034305
3.469446951953614e-18
-0.11381626488288996
8.673617379884035e-19
0.08728477212404244
-3.0357660829594124e-18
-0.07165972924242539
5.204170427930421e-18
0.060767166523207225
1.3010426069826053e-18
-0.052531794214121734
-8.673617379884035e-19
0.19296036925928411
-5.204170427930421e-18
-0.11324526432747434
-1.3010426069826053e-18
0.08691694044776867
8.673617379884035e-19
-0.07140697172037419
5.204170427930421e-18
0.06059083220870713
-2.6020852139652106e-18
-0.052410107206995
0.19178467409145927
-4.7704895589362195e-18
-0.11268495641993675
-3.469446951953614e-18
0.08655523040789345
-1.3010426069826053e-18
-0.07115784792186952
-4.336808689942018e-18
0.06041655783874231
-6.071532165918825e-18
0.19063332421691653
-8.673617379884035e-19
-0.11213499300693086
-1.3010426069826053e-18
0.08619946210572291
3.469446951953614e-18
-0.07091226590838035
-9.540979117872439e-18
0.06024430444093959
0.18950546477481947
-3.0357660829594124e-18
-0.11159504149268772
0.0
0.0858494627960174
3.469446951953614e-18
-0.07067013670664037
8.673617379884035e-19
0.18840028343327334
2.6020852139652106e-18
-0.11106478484179651
3.469446951953614e-18
0.08550506720951245
0.0
-0.07043137472278768
0.18731700679323138
8.673617379884035e-18
-0.11054391995849239
-3.469446951953614e-18
0.08516611661039297
8.673617379884035e-19
0.1862548986841157
-6.071532165918825e-18
-0.1100321574179119
4.336808689942018e-18
0.08483245886260557
0.18521325735501126
-5.204170427930421e-18
-0.10952922027488635
-8.673617379884035e-19
0.18419141381218923
-2.6020852139652106e-18
-0.10903484367294061
0.18318872956276944
-1.734723475976807e-18
0.182204595065816
