#mass 1.0, fConst 1.0, rSep 2.0, zDist 0.0, abstand 50.0, nbFcts 100.0, nbGHpoints 3.0, nbEigval 50.0, 

xDist	mxPTord	
0.0	1.751499	
0.1	1.743362	
0.2	1.720797	
0.3	1.687871	
0.4	1.648548	
0.5	1.605730	
0.6	1.561314	
0.7	1.516505	
0.8	1.472073	
0.9	1.428514	
1.0	1.386153	
1.1	1.345204	
1.2	1.305805	
1.3	1.268040	
1.4	1.231959	
1.5	1.197581	
1.6	1.164907	
1.7	1.133921	
1.8	1.104593	
1.9	1.076885	
2.0	1.050751	
2.5	0.941675	
3.0	0.862646	
3.5	0.805565	
4.0	0.763619	
4.5	0.731873	
5.0	0.707078	
5.5	0.687166	
6.0	0.670809	
6.5	0.657121	
7.0	0.645492	
7.5	0.635485	
8.0	0.626781	
8.5	0.619137	
9.0	0.612371	
9.5	0.606338	
10.0	0.600925	
11.0	0.591608	
12.0	0.583874	
13.0	0.577350	
14.0	0.571772	
15.0	0.566947	
16.0	0.562731	
17.0	0.559017	
18.0	0.555719	
19.0	0.552771	
20.0	0.550120	
21.0	0.547723	
22.0	0.545545	
23.0	0.543557	
24.0	0.541736	
25.0	0.540062	
26.0	0.538516	
27.0	0.537086	
28.0	0.535758	
29.0	0.534522	
30.0	0.533369	
31.0	0.532291	
32.0	0.531280	
33.0	0.530330	
34.0	0.529437	
35.0	0.528594	
36.0	0.527799	
37.0	0.527046	
38.0	0.526334	
39.0	0.525657	
40.0	0.525015	
41.0	0.524404	
42.0	0.523823	
43.0	0.523268	
44.0	0.522739	
45.0	0.522233	
46.0	0.521749	
47.0	0.521286	
48.0	0.520842	
49.0	0.520416	
50.0	0.520008	
51.0	0.519615	
52.0	0.519238	
53.0	0.518875	
54.0	0.518525	
55.0	0.518188	
56.0	0.517863	
57.0	0.517549	
58.0	0.517246	
59.0	0.516954	
